treino_id,unique_id,ds,y,y_pred,diferença_%,flag,dataset,modelo,comentario,data_treino
2023_cluster_2,Abre_Campo,2023-12-31T00:00:00,1.8000000000000003,1.377634,23.46,validacao,V44,LSTM,"/media/marcos/Marcos/Codigos/Predicao_Cafe_Arabica/Teste_2_reuniao_16_dez_ajuste_seed/temp_models/trial_218
Modelo LSTM. Treino: 2012 a 2022. Validação: 2023. Teste: 2024.
Dataset: V44.
Obs: ajuste de seed

Hyperparams:
input_size: 10h: 1lr: 5.4396818825008224e-05batch: 32encoder n layers: 1decoder layers: 1",2026-01-07T15:47:01
2023_cluster_2,Aimores,2023-12-31T00:00:00,1.544827586206897,1.8501443,19.76,validacao,V44,LSTM,"/media/marcos/Marcos/Codigos/Predicao_Cafe_Arabica/Teste_2_reuniao_16_dez_ajuste_seed/temp_models/trial_218
Modelo LSTM. Treino: 2012 a 2022. Validação: 2023. Teste: 2024.
Dataset: V44.
Obs: ajuste de seed

Hyperparams:
input_size: 10h: 1lr: 5.4396818825008224e-05batch: 32encoder n layers: 1decoder layers: 1",2026-01-07T15:47:01
2023_cluster_2,Alvarenga,2023-12-31T00:00:00,1.75,0.87737733,49.86,validacao,V44,LSTM,"/media/marcos/Marcos/Codigos/Predicao_Cafe_Arabica/Teste_2_reuniao_16_dez_ajuste_seed/temp_models/trial_218
Modelo LSTM. Treino: 2012 a 2022. Validação: 2023. Teste: 2024.
Dataset: V44.
Obs: ajuste de seed

Hyperparams:
input_size: 10h: 1lr: 5.4396818825008224e-05batch: 32encoder n layers: 1decoder layers: 1",2026-01-07T15:47:01
2023_cluster_2,Andrelandia,2023-12-31T00:00:00,1.8000000000000003,1.6600093,7.78,validacao,V44,LSTM,"/media/marcos/Marcos/Codigos/Predicao_Cafe_Arabica/Teste_2_reuniao_16_dez_ajuste_seed/temp_models/trial_218
Modelo LSTM. Treino: 2012 a 2022. Validação: 2023. Teste: 2024.
Dataset: V44.
Obs: ajuste de seed

Hyperparams:
input_size: 10h: 1lr: 5.4396818825008224e-05batch: 32encoder n layers: 1decoder layers: 1",2026-01-07T15:47:01
2023_cluster_2,Antonio_Dias,2023-12-31T00:00:00,1.477272727272727,1.433611,2.96,validacao,V44,LSTM,"/media/marcos/Marcos/Codigos/Predicao_Cafe_Arabica/Teste_2_reuniao_16_dez_ajuste_seed/temp_models/trial_218
Modelo LSTM. Treino: 2012 a 2022. Validação: 2023. Teste: 2024.
Dataset: V44.
Obs: ajuste de seed

Hyperparams:
input_size: 10h: 1lr: 5.4396818825008224e-05batch: 32encoder n layers: 1decoder layers: 1",2026-01-07T15:47:01
2023_cluster_2,Antonio_Prado_de_Minas,2023-12-31T00:00:00,1.4857142857142862,1.1173108,24.8,validacao,V44,LSTM,"/media/marcos/Marcos/Codigos/Predicao_Cafe_Arabica/Teste_2_reuniao_16_dez_ajuste_seed/temp_models/trial_218
Modelo LSTM. Treino: 2012 a 2022. Validação: 2023. Teste: 2024.
Dataset: V44.
Obs: ajuste de seed

Hyperparams:
input_size: 10h: 1lr: 5.4396818825008224e-05batch: 32encoder n layers: 1decoder layers: 1",2026-01-07T15:47:01
2023_cluster_2,Bocaiuva,2023-12-31T00:00:00,3.0,2.7384353,8.72,validacao,V44,LSTM,"/media/marcos/Marcos/Codigos/Predicao_Cafe_Arabica/Teste_2_reuniao_16_dez_ajuste_seed/temp_models/trial_218
Modelo LSTM. Treino: 2012 a 2022. Validação: 2023. Teste: 2024.
Dataset: V44.
Obs: ajuste de seed

Hyperparams:
input_size: 10h: 1lr: 5.4396818825008224e-05batch: 32encoder n layers: 1decoder layers: 1",2026-01-07T15:47:01
2023_cluster_2,Bom_Jesus_do_Amparo,2023-12-31T00:00:00,1.25,1.6203306,29.63,validacao,V44,LSTM,"/media/marcos/Marcos/Codigos/Predicao_Cafe_Arabica/Teste_2_reuniao_16_dez_ajuste_seed/temp_models/trial_218
Modelo LSTM. Treino: 2012 a 2022. Validação: 2023. Teste: 2024.
Dataset: V44.
Obs: ajuste de seed

Hyperparams:
input_size: 10h: 1lr: 5.4396818825008224e-05batch: 32encoder n layers: 1decoder layers: 1",2026-01-07T15:47:01
2023_cluster_2,Campo_Belo,2023-12-31T00:00:00,1.5,1.4337862,4.41,validacao,V44,LSTM,"/media/marcos/Marcos/Codigos/Predicao_Cafe_Arabica/Teste_2_reuniao_16_dez_ajuste_seed/temp_models/trial_218
Modelo LSTM. Treino: 2012 a 2022. Validação: 2023. Teste: 2024.
Dataset: V44.
Obs: ajuste de seed

Hyperparams:
input_size: 10h: 1lr: 5.4396818825008224e-05batch: 32encoder n layers: 1decoder layers: 1",2026-01-07T15:47:01
2023_cluster_2,Capela_Nova,2023-12-31T00:00:00,1.8000000000000003,2.02654,12.59,validacao,V44,LSTM,"/media/marcos/Marcos/Codigos/Predicao_Cafe_Arabica/Teste_2_reuniao_16_dez_ajuste_seed/temp_models/trial_218
Modelo LSTM. Treino: 2012 a 2022. Validação: 2023. Teste: 2024.
Dataset: V44.
Obs: ajuste de seed

Hyperparams:
input_size: 10h: 1lr: 5.4396818825008224e-05batch: 32encoder n layers: 1decoder layers: 1",2026-01-07T15:47:01
2023_cluster_2,Capitao_Eneas,2023-12-31T00:00:00,3.0,2.7327874,8.91,validacao,V44,LSTM,"/media/marcos/Marcos/Codigos/Predicao_Cafe_Arabica/Teste_2_reuniao_16_dez_ajuste_seed/temp_models/trial_218
Modelo LSTM. Treino: 2012 a 2022. Validação: 2023. Teste: 2024.
Dataset: V44.
Obs: ajuste de seed

Hyperparams:
input_size: 10h: 1lr: 5.4396818825008224e-05batch: 32encoder n layers: 1decoder layers: 1",2026-01-07T15:47:01
2023_cluster_2,Casa_Grande,2023-12-31T00:00:00,2.523076923076923,1.6648822,34.01,validacao,V44,LSTM,"/media/marcos/Marcos/Codigos/Predicao_Cafe_Arabica/Teste_2_reuniao_16_dez_ajuste_seed/temp_models/trial_218
Modelo LSTM. Treino: 2012 a 2022. Validação: 2023. Teste: 2024.
Dataset: V44.
Obs: ajuste de seed

Hyperparams:
input_size: 10h: 1lr: 5.4396818825008224e-05batch: 32encoder n layers: 1decoder layers: 1",2026-01-07T15:47:01
2023_cluster_2,Cataguases,2023-12-31T00:00:00,1.333333333333333,1.1570386,13.22,validacao,V44,LSTM,"/media/marcos/Marcos/Codigos/Predicao_Cafe_Arabica/Teste_2_reuniao_16_dez_ajuste_seed/temp_models/trial_218
Modelo LSTM. Treino: 2012 a 2022. Validação: 2023. Teste: 2024.
Dataset: V44.
Obs: ajuste de seed

Hyperparams:
input_size: 10h: 1lr: 5.4396818825008224e-05batch: 32encoder n layers: 1decoder layers: 1",2026-01-07T15:47:01
2023_cluster_2,Caxambu,2023-12-31T00:00:00,1.316326530612245,1.4508734,10.22,validacao,V44,LSTM,"/media/marcos/Marcos/Codigos/Predicao_Cafe_Arabica/Teste_2_reuniao_16_dez_ajuste_seed/temp_models/trial_218
Modelo LSTM. Treino: 2012 a 2022. Validação: 2023. Teste: 2024.
Dataset: V44.
Obs: ajuste de seed

Hyperparams:
input_size: 10h: 1lr: 5.4396818825008224e-05batch: 32encoder n layers: 1decoder layers: 1",2026-01-07T15:47:01
2023_cluster_2,Coimbra,2023-12-31T00:00:00,1.8000000000000003,1.7710378,1.61,validacao,V44,LSTM,"/media/marcos/Marcos/Codigos/Predicao_Cafe_Arabica/Teste_2_reuniao_16_dez_ajuste_seed/temp_models/trial_218
Modelo LSTM. Treino: 2012 a 2022. Validação: 2023. Teste: 2024.
Dataset: V44.
Obs: ajuste de seed

Hyperparams:
input_size: 10h: 1lr: 5.4396818825008224e-05batch: 32encoder n layers: 1decoder layers: 1",2026-01-07T15:47:01
2023_cluster_2,Conselheiro_Pena,2023-12-31T00:00:00,1.320048602673147,1.5590501,18.11,validacao,V44,LSTM,"/media/marcos/Marcos/Codigos/Predicao_Cafe_Arabica/Teste_2_reuniao_16_dez_ajuste_seed/temp_models/trial_218
Modelo LSTM. Treino: 2012 a 2022. Validação: 2023. Teste: 2024.
Dataset: V44.
Obs: ajuste de seed

Hyperparams:
input_size: 10h: 1lr: 5.4396818825008224e-05batch: 32encoder n layers: 1decoder layers: 1",2026-01-07T15:47:01
2023_cluster_2,Corrego_Novo,2023-12-31T00:00:00,1.8000000000000003,1.4639177,18.67,validacao,V44,LSTM,"/media/marcos/Marcos/Codigos/Predicao_Cafe_Arabica/Teste_2_reuniao_16_dez_ajuste_seed/temp_models/trial_218
Modelo LSTM. Treino: 2012 a 2022. Validação: 2023. Teste: 2024.
Dataset: V44.
Obs: ajuste de seed

Hyperparams:
input_size: 10h: 1lr: 5.4396818825008224e-05batch: 32encoder n layers: 1decoder layers: 1",2026-01-07T15:47:01
2023_cluster_2,Cruzilia,2023-12-31T00:00:00,1.5,1.4461106,3.59,validacao,V44,LSTM,"/media/marcos/Marcos/Codigos/Predicao_Cafe_Arabica/Teste_2_reuniao_16_dez_ajuste_seed/temp_models/trial_218
Modelo LSTM. Treino: 2012 a 2022. Validação: 2023. Teste: 2024.
Dataset: V44.
Obs: ajuste de seed

Hyperparams:
input_size: 10h: 1lr: 5.4396818825008224e-05batch: 32encoder n layers: 1decoder layers: 1",2026-01-07T15:47:01
2023_cluster_2,Divisopolis,2023-12-31T00:00:00,1.616883116883117,1.513931,6.37,validacao,V44,LSTM,"/media/marcos/Marcos/Codigos/Predicao_Cafe_Arabica/Teste_2_reuniao_16_dez_ajuste_seed/temp_models/trial_218
Modelo LSTM. Treino: 2012 a 2022. Validação: 2023. Teste: 2024.
Dataset: V44.
Obs: ajuste de seed

Hyperparams:
input_size: 10h: 1lr: 5.4396818825008224e-05batch: 32encoder n layers: 1decoder layers: 1",2026-01-07T15:47:01
2023_cluster_2,Esmeraldas,2023-12-31T00:00:00,2.222222222222222,2.156401,2.96,validacao,V44,LSTM,"/media/marcos/Marcos/Codigos/Predicao_Cafe_Arabica/Teste_2_reuniao_16_dez_ajuste_seed/temp_models/trial_218
Modelo LSTM. Treino: 2012 a 2022. Validação: 2023. Teste: 2024.
Dataset: V44.
Obs: ajuste de seed

Hyperparams:
input_size: 10h: 1lr: 5.4396818825008224e-05batch: 32encoder n layers: 1decoder layers: 1",2026-01-07T15:47:01
2023_cluster_2,Espirito_Santo_do_Dourado,2023-12-31T00:00:00,1.5,1.4023211,6.51,validacao,V44,LSTM,"/media/marcos/Marcos/Codigos/Predicao_Cafe_Arabica/Teste_2_reuniao_16_dez_ajuste_seed/temp_models/trial_218
Modelo LSTM. Treino: 2012 a 2022. Validação: 2023. Teste: 2024.
Dataset: V44.
Obs: ajuste de seed

Hyperparams:
input_size: 10h: 1lr: 5.4396818825008224e-05batch: 32encoder n layers: 1decoder layers: 1",2026-01-07T15:47:01
2023_cluster_2,Eugenopolis,2023-12-31T00:00:00,1.68,1.6334214,2.77,validacao,V44,LSTM,"/media/marcos/Marcos/Codigos/Predicao_Cafe_Arabica/Teste_2_reuniao_16_dez_ajuste_seed/temp_models/trial_218
Modelo LSTM. Treino: 2012 a 2022. Validação: 2023. Teste: 2024.
Dataset: V44.
Obs: ajuste de seed

Hyperparams:
input_size: 10h: 1lr: 5.4396818825008224e-05batch: 32encoder n layers: 1decoder layers: 1",2026-01-07T15:47:01
2023_cluster_2,Felicio_dos_Santos,2023-12-31T00:00:00,3.5420875420875415,3.007694,15.09,validacao,V44,LSTM,"/media/marcos/Marcos/Codigos/Predicao_Cafe_Arabica/Teste_2_reuniao_16_dez_ajuste_seed/temp_models/trial_218
Modelo LSTM. Treino: 2012 a 2022. Validação: 2023. Teste: 2024.
Dataset: V44.
Obs: ajuste de seed

Hyperparams:
input_size: 10h: 1lr: 5.4396818825008224e-05batch: 32encoder n layers: 1decoder layers: 1",2026-01-07T15:47:01
2023_cluster_2,Formiga,2023-12-31T00:00:00,2.0215439856373436,1.6908863,16.36,validacao,V44,LSTM,"/media/marcos/Marcos/Codigos/Predicao_Cafe_Arabica/Teste_2_reuniao_16_dez_ajuste_seed/temp_models/trial_218
Modelo LSTM. Treino: 2012 a 2022. Validação: 2023. Teste: 2024.
Dataset: V44.
Obs: ajuste de seed

Hyperparams:
input_size: 10h: 1lr: 5.4396818825008224e-05batch: 32encoder n layers: 1decoder layers: 1",2026-01-07T15:47:01
2023_cluster_2,Guaraciaba,2023-12-31T00:00:00,1.5,1.5097462,0.65,validacao,V44,LSTM,"/media/marcos/Marcos/Codigos/Predicao_Cafe_Arabica/Teste_2_reuniao_16_dez_ajuste_seed/temp_models/trial_218
Modelo LSTM. Treino: 2012 a 2022. Validação: 2023. Teste: 2024.
Dataset: V44.
Obs: ajuste de seed

Hyperparams:
input_size: 10h: 1lr: 5.4396818825008224e-05batch: 32encoder n layers: 1decoder layers: 1",2026-01-07T15:47:01
2023_cluster_2,Guiricema,2023-12-31T00:00:00,1.5,2.0901785,39.35,validacao,V44,LSTM,"/media/marcos/Marcos/Codigos/Predicao_Cafe_Arabica/Teste_2_reuniao_16_dez_ajuste_seed/temp_models/trial_218
Modelo LSTM. Treino: 2012 a 2022. Validação: 2023. Teste: 2024.
Dataset: V44.
Obs: ajuste de seed

Hyperparams:
input_size: 10h: 1lr: 5.4396818825008224e-05batch: 32encoder n layers: 1decoder layers: 1",2026-01-07T15:47:01
2023_cluster_2,Iapu,2023-12-31T00:00:00,1.559210526315789,1.5463784,0.82,validacao,V44,LSTM,"/media/marcos/Marcos/Codigos/Predicao_Cafe_Arabica/Teste_2_reuniao_16_dez_ajuste_seed/temp_models/trial_218
Modelo LSTM. Treino: 2012 a 2022. Validação: 2023. Teste: 2024.
Dataset: V44.
Obs: ajuste de seed

Hyperparams:
input_size: 10h: 1lr: 5.4396818825008224e-05batch: 32encoder n layers: 1decoder layers: 1",2026-01-07T15:47:01
2023_cluster_2,Ijaci,2023-12-31T00:00:00,1.971428571428572,1.583163,19.69,validacao,V44,LSTM,"/media/marcos/Marcos/Codigos/Predicao_Cafe_Arabica/Teste_2_reuniao_16_dez_ajuste_seed/temp_models/trial_218
Modelo LSTM. Treino: 2012 a 2022. Validação: 2023. Teste: 2024.
Dataset: V44.
Obs: ajuste de seed

Hyperparams:
input_size: 10h: 1lr: 5.4396818825008224e-05batch: 32encoder n layers: 1decoder layers: 1",2026-01-07T15:47:01
2023_cluster_2,Imbe_de_Minas,2023-12-31T00:00:00,1.3799999999999997,1.4111146,2.25,validacao,V44,LSTM,"/media/marcos/Marcos/Codigos/Predicao_Cafe_Arabica/Teste_2_reuniao_16_dez_ajuste_seed/temp_models/trial_218
Modelo LSTM. Treino: 2012 a 2022. Validação: 2023. Teste: 2024.
Dataset: V44.
Obs: ajuste de seed

Hyperparams:
input_size: 10h: 1lr: 5.4396818825008224e-05batch: 32encoder n layers: 1decoder layers: 1",2026-01-07T15:47:01
2023_cluster_2,Inhapim,2023-12-31T00:00:00,2.7000000000000006,1.6469074,39.0,validacao,V44,LSTM,"/media/marcos/Marcos/Codigos/Predicao_Cafe_Arabica/Teste_2_reuniao_16_dez_ajuste_seed/temp_models/trial_218
Modelo LSTM. Treino: 2012 a 2022. Validação: 2023. Teste: 2024.
Dataset: V44.
Obs: ajuste de seed

Hyperparams:
input_size: 10h: 1lr: 5.4396818825008224e-05batch: 32encoder n layers: 1decoder layers: 1",2026-01-07T15:47:01
2023_cluster_2,Irai_de_Minas,2023-12-31T00:00:00,2.18825561312608,2.6230464,19.87,validacao,V44,LSTM,"/media/marcos/Marcos/Codigos/Predicao_Cafe_Arabica/Teste_2_reuniao_16_dez_ajuste_seed/temp_models/trial_218
Modelo LSTM. Treino: 2012 a 2022. Validação: 2023. Teste: 2024.
Dataset: V44.
Obs: ajuste de seed

Hyperparams:
input_size: 10h: 1lr: 5.4396818825008224e-05batch: 32encoder n layers: 1decoder layers: 1",2026-01-07T15:47:01
2023_cluster_2,Itamarati_de_Minas,2023-12-31T00:00:00,1.2,1.0853428,9.55,validacao,V44,LSTM,"/media/marcos/Marcos/Codigos/Predicao_Cafe_Arabica/Teste_2_reuniao_16_dez_ajuste_seed/temp_models/trial_218
Modelo LSTM. Treino: 2012 a 2022. Validação: 2023. Teste: 2024.
Dataset: V44.
Obs: ajuste de seed

Hyperparams:
input_size: 10h: 1lr: 5.4396818825008224e-05batch: 32encoder n layers: 1decoder layers: 1",2026-01-07T15:47:01
2023_cluster_2,Jequeri,2023-12-31T00:00:00,1.5,1.7364107,15.76,validacao,V44,LSTM,"/media/marcos/Marcos/Codigos/Predicao_Cafe_Arabica/Teste_2_reuniao_16_dez_ajuste_seed/temp_models/trial_218
Modelo LSTM. Treino: 2012 a 2022. Validação: 2023. Teste: 2024.
Dataset: V44.
Obs: ajuste de seed

Hyperparams:
input_size: 10h: 1lr: 5.4396818825008224e-05batch: 32encoder n layers: 1decoder layers: 1",2026-01-07T15:47:01
2023_cluster_2,Lamim,2023-12-31T00:00:00,1.8000000000000003,1.9784393,9.91,validacao,V44,LSTM,"/media/marcos/Marcos/Codigos/Predicao_Cafe_Arabica/Teste_2_reuniao_16_dez_ajuste_seed/temp_models/trial_218
Modelo LSTM. Treino: 2012 a 2022. Validação: 2023. Teste: 2024.
Dataset: V44.
Obs: ajuste de seed

Hyperparams:
input_size: 10h: 1lr: 5.4396818825008224e-05batch: 32encoder n layers: 1decoder layers: 1",2026-01-07T15:47:01
2023_cluster_2,Mar_de_Espanha,2023-12-31T00:00:00,1.5625,1.9745886,26.37,validacao,V44,LSTM,"/media/marcos/Marcos/Codigos/Predicao_Cafe_Arabica/Teste_2_reuniao_16_dez_ajuste_seed/temp_models/trial_218
Modelo LSTM. Treino: 2012 a 2022. Validação: 2023. Teste: 2024.
Dataset: V44.
Obs: ajuste de seed

Hyperparams:
input_size: 10h: 1lr: 5.4396818825008224e-05batch: 32encoder n layers: 1decoder layers: 1",2026-01-07T15:47:01
2023_cluster_2,Mata_Verde,2023-12-31T00:00:00,1.739700374531835,1.5887389,8.68,validacao,V44,LSTM,"/media/marcos/Marcos/Codigos/Predicao_Cafe_Arabica/Teste_2_reuniao_16_dez_ajuste_seed/temp_models/trial_218
Modelo LSTM. Treino: 2012 a 2022. Validação: 2023. Teste: 2024.
Dataset: V44.
Obs: ajuste de seed

Hyperparams:
input_size: 10h: 1lr: 5.4396818825008224e-05batch: 32encoder n layers: 1decoder layers: 1",2026-01-07T15:47:01
2023_cluster_2,Monte_Alegre_de_Minas,2023-12-31T00:00:00,2.338983050847458,2.5463881,8.87,validacao,V44,LSTM,"/media/marcos/Marcos/Codigos/Predicao_Cafe_Arabica/Teste_2_reuniao_16_dez_ajuste_seed/temp_models/trial_218
Modelo LSTM. Treino: 2012 a 2022. Validação: 2023. Teste: 2024.
Dataset: V44.
Obs: ajuste de seed

Hyperparams:
input_size: 10h: 1lr: 5.4396818825008224e-05batch: 32encoder n layers: 1decoder layers: 1",2026-01-07T15:47:01
2023_cluster_2,Nova_Era,2023-12-31T00:00:00,2.636363636363636,1.7735955,32.73,validacao,V44,LSTM,"/media/marcos/Marcos/Codigos/Predicao_Cafe_Arabica/Teste_2_reuniao_16_dez_ajuste_seed/temp_models/trial_218
Modelo LSTM. Treino: 2012 a 2022. Validação: 2023. Teste: 2024.
Dataset: V44.
Obs: ajuste de seed

Hyperparams:
input_size: 10h: 1lr: 5.4396818825008224e-05batch: 32encoder n layers: 1decoder layers: 1",2026-01-07T15:47:01
2023_cluster_2,Nova_Ponte,2023-12-31T00:00:00,2.6142857142857143,2.2329912,14.59,validacao,V44,LSTM,"/media/marcos/Marcos/Codigos/Predicao_Cafe_Arabica/Teste_2_reuniao_16_dez_ajuste_seed/temp_models/trial_218
Modelo LSTM. Treino: 2012 a 2022. Validação: 2023. Teste: 2024.
Dataset: V44.
Obs: ajuste de seed

Hyperparams:
input_size: 10h: 1lr: 5.4396818825008224e-05batch: 32encoder n layers: 1decoder layers: 1",2026-01-07T15:47:01
2023_cluster_2,Paula_Candido,2023-12-31T00:00:00,1.6197080291970802,1.541635,4.82,validacao,V44,LSTM,"/media/marcos/Marcos/Codigos/Predicao_Cafe_Arabica/Teste_2_reuniao_16_dez_ajuste_seed/temp_models/trial_218
Modelo LSTM. Treino: 2012 a 2022. Validação: 2023. Teste: 2024.
Dataset: V44.
Obs: ajuste de seed

Hyperparams:
input_size: 10h: 1lr: 5.4396818825008224e-05batch: 32encoder n layers: 1decoder layers: 1",2026-01-07T15:47:01
2023_cluster_2,Pecanha,2023-12-31T00:00:00,2.30379746835443,1.9137328,16.93,validacao,V44,LSTM,"/media/marcos/Marcos/Codigos/Predicao_Cafe_Arabica/Teste_2_reuniao_16_dez_ajuste_seed/temp_models/trial_218
Modelo LSTM. Treino: 2012 a 2022. Validação: 2023. Teste: 2024.
Dataset: V44.
Obs: ajuste de seed

Hyperparams:
input_size: 10h: 1lr: 5.4396818825008224e-05batch: 32encoder n layers: 1decoder layers: 1",2026-01-07T15:47:01
2023_cluster_2,Pedra_Bonita,2023-12-31T00:00:00,1.08,1.4609191,35.27,validacao,V44,LSTM,"/media/marcos/Marcos/Codigos/Predicao_Cafe_Arabica/Teste_2_reuniao_16_dez_ajuste_seed/temp_models/trial_218
Modelo LSTM. Treino: 2012 a 2022. Validação: 2023. Teste: 2024.
Dataset: V44.
Obs: ajuste de seed

Hyperparams:
input_size: 10h: 1lr: 5.4396818825008224e-05batch: 32encoder n layers: 1decoder layers: 1",2026-01-07T15:47:01
2023_cluster_2,Pedra_Dourada,2023-12-31T00:00:00,1.2,1.2127835,1.07,validacao,V44,LSTM,"/media/marcos/Marcos/Codigos/Predicao_Cafe_Arabica/Teste_2_reuniao_16_dez_ajuste_seed/temp_models/trial_218
Modelo LSTM. Treino: 2012 a 2022. Validação: 2023. Teste: 2024.
Dataset: V44.
Obs: ajuste de seed

Hyperparams:
input_size: 10h: 1lr: 5.4396818825008224e-05batch: 32encoder n layers: 1decoder layers: 1",2026-01-07T15:47:01
2023_cluster_2,Pedra_do_Anta,2023-12-31T00:00:00,1.5,1.3792953,8.05,validacao,V44,LSTM,"/media/marcos/Marcos/Codigos/Predicao_Cafe_Arabica/Teste_2_reuniao_16_dez_ajuste_seed/temp_models/trial_218
Modelo LSTM. Treino: 2012 a 2022. Validação: 2023. Teste: 2024.
Dataset: V44.
Obs: ajuste de seed

Hyperparams:
input_size: 10h: 1lr: 5.4396818825008224e-05batch: 32encoder n layers: 1decoder layers: 1",2026-01-07T15:47:01
2023_cluster_2,Piedade_de_Caratinga,2023-12-31T00:00:00,2.4,1.5875857,33.85,validacao,V44,LSTM,"/media/marcos/Marcos/Codigos/Predicao_Cafe_Arabica/Teste_2_reuniao_16_dez_ajuste_seed/temp_models/trial_218
Modelo LSTM. Treino: 2012 a 2022. Validação: 2023. Teste: 2024.
Dataset: V44.
Obs: ajuste de seed

Hyperparams:
input_size: 10h: 1lr: 5.4396818825008224e-05batch: 32encoder n layers: 1decoder layers: 1",2026-01-07T15:47:01
2023_cluster_2,Pocrane,2023-12-31T00:00:00,1.377952755905512,1.3412569,2.66,validacao,V44,LSTM,"/media/marcos/Marcos/Codigos/Predicao_Cafe_Arabica/Teste_2_reuniao_16_dez_ajuste_seed/temp_models/trial_218
Modelo LSTM. Treino: 2012 a 2022. Validação: 2023. Teste: 2024.
Dataset: V44.
Obs: ajuste de seed

Hyperparams:
input_size: 10h: 1lr: 5.4396818825008224e-05batch: 32encoder n layers: 1decoder layers: 1",2026-01-07T15:47:01
2023_cluster_2,Presidente_Bernardes,2023-12-31T00:00:00,1.320588235294118,1.4786098,11.97,validacao,V44,LSTM,"/media/marcos/Marcos/Codigos/Predicao_Cafe_Arabica/Teste_2_reuniao_16_dez_ajuste_seed/temp_models/trial_218
Modelo LSTM. Treino: 2012 a 2022. Validação: 2023. Teste: 2024.
Dataset: V44.
Obs: ajuste de seed

Hyperparams:
input_size: 10h: 1lr: 5.4396818825008224e-05batch: 32encoder n layers: 1decoder layers: 1",2026-01-07T15:47:01
2023_cluster_2,Sabinopolis,2023-12-31T00:00:00,1.2,1.3625245,13.54,validacao,V44,LSTM,"/media/marcos/Marcos/Codigos/Predicao_Cafe_Arabica/Teste_2_reuniao_16_dez_ajuste_seed/temp_models/trial_218
Modelo LSTM. Treino: 2012 a 2022. Validação: 2023. Teste: 2024.
Dataset: V44.
Obs: ajuste de seed

Hyperparams:
input_size: 10h: 1lr: 5.4396818825008224e-05batch: 32encoder n layers: 1decoder layers: 1",2026-01-07T15:47:01
2023_cluster_2,Santa_Barbara,2023-12-31T00:00:00,1.3,1.1169189,14.08,validacao,V44,LSTM,"/media/marcos/Marcos/Codigos/Predicao_Cafe_Arabica/Teste_2_reuniao_16_dez_ajuste_seed/temp_models/trial_218
Modelo LSTM. Treino: 2012 a 2022. Validação: 2023. Teste: 2024.
Dataset: V44.
Obs: ajuste de seed

Hyperparams:
input_size: 10h: 1lr: 5.4396818825008224e-05batch: 32encoder n layers: 1decoder layers: 1",2026-01-07T15:47:01
2023_cluster_2,Santo_Antonio_do_Grama,2023-12-31T00:00:00,1.521739130434783,2.123603,39.55,validacao,V44,LSTM,"/media/marcos/Marcos/Codigos/Predicao_Cafe_Arabica/Teste_2_reuniao_16_dez_ajuste_seed/temp_models/trial_218
Modelo LSTM. Treino: 2012 a 2022. Validação: 2023. Teste: 2024.
Dataset: V44.
Obs: ajuste de seed

Hyperparams:
input_size: 10h: 1lr: 5.4396818825008224e-05batch: 32encoder n layers: 1decoder layers: 1",2026-01-07T15:47:01
2023_cluster_2,Sao_Domingos_do_Prata,2023-12-31T00:00:00,1.2,1.0504662,12.46,validacao,V44,LSTM,"/media/marcos/Marcos/Codigos/Predicao_Cafe_Arabica/Teste_2_reuniao_16_dez_ajuste_seed/temp_models/trial_218
Modelo LSTM. Treino: 2012 a 2022. Validação: 2023. Teste: 2024.
Dataset: V44.
Obs: ajuste de seed

Hyperparams:
input_size: 10h: 1lr: 5.4396818825008224e-05batch: 32encoder n layers: 1decoder layers: 1",2026-01-07T15:47:01
2023_cluster_2,Sao_Geraldo,2023-12-31T00:00:00,1.5,1.5758657,5.06,validacao,V44,LSTM,"/media/marcos/Marcos/Codigos/Predicao_Cafe_Arabica/Teste_2_reuniao_16_dez_ajuste_seed/temp_models/trial_218
Modelo LSTM. Treino: 2012 a 2022. Validação: 2023. Teste: 2024.
Dataset: V44.
Obs: ajuste de seed

Hyperparams:
input_size: 10h: 1lr: 5.4396818825008224e-05batch: 32encoder n layers: 1decoder layers: 1",2026-01-07T15:47:01
2023_cluster_2,Sao_Jose_da_Barra,2023-12-31T00:00:00,2.2413698630136984,2.0371468,9.11,validacao,V44,LSTM,"/media/marcos/Marcos/Codigos/Predicao_Cafe_Arabica/Teste_2_reuniao_16_dez_ajuste_seed/temp_models/trial_218
Modelo LSTM. Treino: 2012 a 2022. Validação: 2023. Teste: 2024.
Dataset: V44.
Obs: ajuste de seed

Hyperparams:
input_size: 10h: 1lr: 5.4396818825008224e-05batch: 32encoder n layers: 1decoder layers: 1",2026-01-07T15:47:01
2023_cluster_2,Sao_Jose_do_Alegre,2023-12-31T00:00:00,1.592307692307692,1.635605,2.72,validacao,V44,LSTM,"/media/marcos/Marcos/Codigos/Predicao_Cafe_Arabica/Teste_2_reuniao_16_dez_ajuste_seed/temp_models/trial_218
Modelo LSTM. Treino: 2012 a 2022. Validação: 2023. Teste: 2024.
Dataset: V44.
Obs: ajuste de seed

Hyperparams:
input_size: 10h: 1lr: 5.4396818825008224e-05batch: 32encoder n layers: 1decoder layers: 1",2026-01-07T15:47:01
2023_cluster_2,Sao_Miguel_do_Anta,2023-12-31T00:00:00,1.5598870056497178,1.4313134,8.24,validacao,V44,LSTM,"/media/marcos/Marcos/Codigos/Predicao_Cafe_Arabica/Teste_2_reuniao_16_dez_ajuste_seed/temp_models/trial_218
Modelo LSTM. Treino: 2012 a 2022. Validação: 2023. Teste: 2024.
Dataset: V44.
Obs: ajuste de seed

Hyperparams:
input_size: 10h: 1lr: 5.4396818825008224e-05batch: 32encoder n layers: 1decoder layers: 1",2026-01-07T15:47:01
2023_cluster_2,Sao_Sebastiao_da_Vargem_Alegre,2023-12-31T00:00:00,1.5,1.2439022,17.07,validacao,V44,LSTM,"/media/marcos/Marcos/Codigos/Predicao_Cafe_Arabica/Teste_2_reuniao_16_dez_ajuste_seed/temp_models/trial_218
Modelo LSTM. Treino: 2012 a 2022. Validação: 2023. Teste: 2024.
Dataset: V44.
Obs: ajuste de seed

Hyperparams:
input_size: 10h: 1lr: 5.4396818825008224e-05batch: 32encoder n layers: 1decoder layers: 1",2026-01-07T15:47:01
2023_cluster_2,Sao_Sebastiao_do_Anta,2023-12-31T00:00:00,1.7998212689901698,1.7500496,2.77,validacao,V44,LSTM,"/media/marcos/Marcos/Codigos/Predicao_Cafe_Arabica/Teste_2_reuniao_16_dez_ajuste_seed/temp_models/trial_218
Modelo LSTM. Treino: 2012 a 2022. Validação: 2023. Teste: 2024.
Dataset: V44.
Obs: ajuste de seed

Hyperparams:
input_size: 10h: 1lr: 5.4396818825008224e-05batch: 32encoder n layers: 1decoder layers: 1",2026-01-07T15:47:01
2023_cluster_2,Senhora_dos_Remedios,2023-12-31T00:00:00,1.5,1.6683202,11.22,validacao,V44,LSTM,"/media/marcos/Marcos/Codigos/Predicao_Cafe_Arabica/Teste_2_reuniao_16_dez_ajuste_seed/temp_models/trial_218
Modelo LSTM. Treino: 2012 a 2022. Validação: 2023. Teste: 2024.
Dataset: V44.
Obs: ajuste de seed

Hyperparams:
input_size: 10h: 1lr: 5.4396818825008224e-05batch: 32encoder n layers: 1decoder layers: 1",2026-01-07T15:47:01
2023_cluster_2,Teixeiras,2023-12-31T00:00:00,1.5007092198581562,1.4133267,5.82,validacao,V44,LSTM,"/media/marcos/Marcos/Codigos/Predicao_Cafe_Arabica/Teste_2_reuniao_16_dez_ajuste_seed/temp_models/trial_218
Modelo LSTM. Treino: 2012 a 2022. Validação: 2023. Teste: 2024.
Dataset: V44.
Obs: ajuste de seed

Hyperparams:
input_size: 10h: 1lr: 5.4396818825008224e-05batch: 32encoder n layers: 1decoder layers: 1",2026-01-07T15:47:01
2023_cluster_2,Visconde_do_Rio_Branco,2023-12-31T00:00:00,1.333333333333333,1.2973706,2.7,validacao,V44,LSTM,"/media/marcos/Marcos/Codigos/Predicao_Cafe_Arabica/Teste_2_reuniao_16_dez_ajuste_seed/temp_models/trial_218
Modelo LSTM. Treino: 2012 a 2022. Validação: 2023. Teste: 2024.
Dataset: V44.
Obs: ajuste de seed

Hyperparams:
input_size: 10h: 1lr: 5.4396818825008224e-05batch: 32encoder n layers: 1decoder layers: 1",2026-01-07T15:47:01
2023_cluster_2,Abre_Campo,2024-12-31T00:00:00,1.32,1.4069308,6.59,teste,V44,LSTM,"/media/marcos/Marcos/Codigos/Predicao_Cafe_Arabica/Teste_2_reuniao_16_dez_ajuste_seed/temp_models/trial_218
Modelo LSTM. Treino: 2012 a 2022. Validação: 2023. Teste: 2024.
Dataset: V44.
Obs: ajuste de seed

Hyperparams:
input_size: 10h: 1lr: 5.4396818825008224e-05batch: 32encoder n layers: 1decoder layers: 1",2026-01-07T15:47:01
2023_cluster_2,Aimores,2024-12-31T00:00:00,0.9455882352941176,1.6252502,71.88,teste,V44,LSTM,"/media/marcos/Marcos/Codigos/Predicao_Cafe_Arabica/Teste_2_reuniao_16_dez_ajuste_seed/temp_models/trial_218
Modelo LSTM. Treino: 2012 a 2022. Validação: 2023. Teste: 2024.
Dataset: V44.
Obs: ajuste de seed

Hyperparams:
input_size: 10h: 1lr: 5.4396818825008224e-05batch: 32encoder n layers: 1decoder layers: 1",2026-01-07T15:47:01
2023_cluster_2,Alvarenga,2024-12-31T00:00:00,1.25,0.98158914,21.47,teste,V44,LSTM,"/media/marcos/Marcos/Codigos/Predicao_Cafe_Arabica/Teste_2_reuniao_16_dez_ajuste_seed/temp_models/trial_218
Modelo LSTM. Treino: 2012 a 2022. Validação: 2023. Teste: 2024.
Dataset: V44.
Obs: ajuste de seed

Hyperparams:
input_size: 10h: 1lr: 5.4396818825008224e-05batch: 32encoder n layers: 1decoder layers: 1",2026-01-07T15:47:01
2023_cluster_2,Andrelandia,2024-12-31T00:00:00,1.5,1.6273572,8.49,teste,V44,LSTM,"/media/marcos/Marcos/Codigos/Predicao_Cafe_Arabica/Teste_2_reuniao_16_dez_ajuste_seed/temp_models/trial_218
Modelo LSTM. Treino: 2012 a 2022. Validação: 2023. Teste: 2024.
Dataset: V44.
Obs: ajuste de seed

Hyperparams:
input_size: 10h: 1lr: 5.4396818825008224e-05batch: 32encoder n layers: 1decoder layers: 1",2026-01-07T15:47:01
2023_cluster_2,Antonio_Dias,2024-12-31T00:00:00,1.5,1.3093023,12.71,teste,V44,LSTM,"/media/marcos/Marcos/Codigos/Predicao_Cafe_Arabica/Teste_2_reuniao_16_dez_ajuste_seed/temp_models/trial_218
Modelo LSTM. Treino: 2012 a 2022. Validação: 2023. Teste: 2024.
Dataset: V44.
Obs: ajuste de seed

Hyperparams:
input_size: 10h: 1lr: 5.4396818825008224e-05batch: 32encoder n layers: 1decoder layers: 1",2026-01-07T15:47:01
2023_cluster_2,Antonio_Prado_de_Minas,2024-12-31T00:00:00,1.933333333333333,1.2001309,37.92,teste,V44,LSTM,"/media/marcos/Marcos/Codigos/Predicao_Cafe_Arabica/Teste_2_reuniao_16_dez_ajuste_seed/temp_models/trial_218
Modelo LSTM. Treino: 2012 a 2022. Validação: 2023. Teste: 2024.
Dataset: V44.
Obs: ajuste de seed

Hyperparams:
input_size: 10h: 1lr: 5.4396818825008224e-05batch: 32encoder n layers: 1decoder layers: 1",2026-01-07T15:47:01
2023_cluster_2,Bocaiuva,2024-12-31T00:00:00,2.0989010989010994,2.433648,15.95,teste,V44,LSTM,"/media/marcos/Marcos/Codigos/Predicao_Cafe_Arabica/Teste_2_reuniao_16_dez_ajuste_seed/temp_models/trial_218
Modelo LSTM. Treino: 2012 a 2022. Validação: 2023. Teste: 2024.
Dataset: V44.
Obs: ajuste de seed

Hyperparams:
input_size: 10h: 1lr: 5.4396818825008224e-05batch: 32encoder n layers: 1decoder layers: 1",2026-01-07T15:47:01
2023_cluster_2,Bom_Jesus_do_Amparo,2024-12-31T00:00:00,0.75,1.5244503,103.26,teste,V44,LSTM,"/media/marcos/Marcos/Codigos/Predicao_Cafe_Arabica/Teste_2_reuniao_16_dez_ajuste_seed/temp_models/trial_218
Modelo LSTM. Treino: 2012 a 2022. Validação: 2023. Teste: 2024.
Dataset: V44.
Obs: ajuste de seed

Hyperparams:
input_size: 10h: 1lr: 5.4396818825008224e-05batch: 32encoder n layers: 1decoder layers: 1",2026-01-07T15:47:01
2023_cluster_2,Campo_Belo,2024-12-31T00:00:00,1.2,1.4359332,19.66,teste,V44,LSTM,"/media/marcos/Marcos/Codigos/Predicao_Cafe_Arabica/Teste_2_reuniao_16_dez_ajuste_seed/temp_models/trial_218
Modelo LSTM. Treino: 2012 a 2022. Validação: 2023. Teste: 2024.
Dataset: V44.
Obs: ajuste de seed

Hyperparams:
input_size: 10h: 1lr: 5.4396818825008224e-05batch: 32encoder n layers: 1decoder layers: 1",2026-01-07T15:47:01
2023_cluster_2,Capela_Nova,2024-12-31T00:00:00,2.1012345679012356,1.9665763,6.41,teste,V44,LSTM,"/media/marcos/Marcos/Codigos/Predicao_Cafe_Arabica/Teste_2_reuniao_16_dez_ajuste_seed/temp_models/trial_218
Modelo LSTM. Treino: 2012 a 2022. Validação: 2023. Teste: 2024.
Dataset: V44.
Obs: ajuste de seed

Hyperparams:
input_size: 10h: 1lr: 5.4396818825008224e-05batch: 32encoder n layers: 1decoder layers: 1",2026-01-07T15:47:01
2023_cluster_2,Capitao_Eneas,2024-12-31T00:00:00,3.0,2.6178665,12.74,teste,V44,LSTM,"/media/marcos/Marcos/Codigos/Predicao_Cafe_Arabica/Teste_2_reuniao_16_dez_ajuste_seed/temp_models/trial_218
Modelo LSTM. Treino: 2012 a 2022. Validação: 2023. Teste: 2024.
Dataset: V44.
Obs: ajuste de seed

Hyperparams:
input_size: 10h: 1lr: 5.4396818825008224e-05batch: 32encoder n layers: 1decoder layers: 1",2026-01-07T15:47:01
2023_cluster_2,Casa_Grande,2024-12-31T00:00:00,2.522388059701492,1.7029886,32.49,teste,V44,LSTM,"/media/marcos/Marcos/Codigos/Predicao_Cafe_Arabica/Teste_2_reuniao_16_dez_ajuste_seed/temp_models/trial_218
Modelo LSTM. Treino: 2012 a 2022. Validação: 2023. Teste: 2024.
Dataset: V44.
Obs: ajuste de seed

Hyperparams:
input_size: 10h: 1lr: 5.4396818825008224e-05batch: 32encoder n layers: 1decoder layers: 1",2026-01-07T15:47:01
2023_cluster_2,Cataguases,2024-12-31T00:00:00,1.0,1.184403,18.44,teste,V44,LSTM,"/media/marcos/Marcos/Codigos/Predicao_Cafe_Arabica/Teste_2_reuniao_16_dez_ajuste_seed/temp_models/trial_218
Modelo LSTM. Treino: 2012 a 2022. Validação: 2023. Teste: 2024.
Dataset: V44.
Obs: ajuste de seed

Hyperparams:
input_size: 10h: 1lr: 5.4396818825008224e-05batch: 32encoder n layers: 1decoder layers: 1",2026-01-07T15:47:01
2023_cluster_2,Caxambu,2024-12-31T00:00:00,1.795918367346939,1.3467572,25.01,teste,V44,LSTM,"/media/marcos/Marcos/Codigos/Predicao_Cafe_Arabica/Teste_2_reuniao_16_dez_ajuste_seed/temp_models/trial_218
Modelo LSTM. Treino: 2012 a 2022. Validação: 2023. Teste: 2024.
Dataset: V44.
Obs: ajuste de seed

Hyperparams:
input_size: 10h: 1lr: 5.4396818825008224e-05batch: 32encoder n layers: 1decoder layers: 1",2026-01-07T15:47:01
2023_cluster_2,Coimbra,2024-12-31T00:00:00,1.5012658227848097,1.7196836,14.55,teste,V44,LSTM,"/media/marcos/Marcos/Codigos/Predicao_Cafe_Arabica/Teste_2_reuniao_16_dez_ajuste_seed/temp_models/trial_218
Modelo LSTM. Treino: 2012 a 2022. Validação: 2023. Teste: 2024.
Dataset: V44.
Obs: ajuste de seed

Hyperparams:
input_size: 10h: 1lr: 5.4396818825008224e-05batch: 32encoder n layers: 1decoder layers: 1",2026-01-07T15:47:01
2023_cluster_2,Conselheiro_Pena,2024-12-31T00:00:00,1.2,1.4761585,23.01,teste,V44,LSTM,"/media/marcos/Marcos/Codigos/Predicao_Cafe_Arabica/Teste_2_reuniao_16_dez_ajuste_seed/temp_models/trial_218
Modelo LSTM. Treino: 2012 a 2022. Validação: 2023. Teste: 2024.
Dataset: V44.
Obs: ajuste de seed

Hyperparams:
input_size: 10h: 1lr: 5.4396818825008224e-05batch: 32encoder n layers: 1decoder layers: 1",2026-01-07T15:47:01
2023_cluster_2,Corrego_Novo,2024-12-31T00:00:00,1.2,1.3888282,15.74,teste,V44,LSTM,"/media/marcos/Marcos/Codigos/Predicao_Cafe_Arabica/Teste_2_reuniao_16_dez_ajuste_seed/temp_models/trial_218
Modelo LSTM. Treino: 2012 a 2022. Validação: 2023. Teste: 2024.
Dataset: V44.
Obs: ajuste de seed

Hyperparams:
input_size: 10h: 1lr: 5.4396818825008224e-05batch: 32encoder n layers: 1decoder layers: 1",2026-01-07T15:47:01
2023_cluster_2,Cruzilia,2024-12-31T00:00:00,1.502793296089385,1.4170789,5.7,teste,V44,LSTM,"/media/marcos/Marcos/Codigos/Predicao_Cafe_Arabica/Teste_2_reuniao_16_dez_ajuste_seed/temp_models/trial_218
Modelo LSTM. Treino: 2012 a 2022. Validação: 2023. Teste: 2024.
Dataset: V44.
Obs: ajuste de seed

Hyperparams:
input_size: 10h: 1lr: 5.4396818825008224e-05batch: 32encoder n layers: 1decoder layers: 1",2026-01-07T15:47:01
2023_cluster_2,Divisopolis,2024-12-31T00:00:00,1.4902200488997548,1.3025923,12.59,teste,V44,LSTM,"/media/marcos/Marcos/Codigos/Predicao_Cafe_Arabica/Teste_2_reuniao_16_dez_ajuste_seed/temp_models/trial_218
Modelo LSTM. Treino: 2012 a 2022. Validação: 2023. Teste: 2024.
Dataset: V44.
Obs: ajuste de seed

Hyperparams:
input_size: 10h: 1lr: 5.4396818825008224e-05batch: 32encoder n layers: 1decoder layers: 1",2026-01-07T15:47:01
2023_cluster_2,Esmeraldas,2024-12-31T00:00:00,3.0,2.1056242,29.81,teste,V44,LSTM,"/media/marcos/Marcos/Codigos/Predicao_Cafe_Arabica/Teste_2_reuniao_16_dez_ajuste_seed/temp_models/trial_218
Modelo LSTM. Treino: 2012 a 2022. Validação: 2023. Teste: 2024.
Dataset: V44.
Obs: ajuste de seed

Hyperparams:
input_size: 10h: 1lr: 5.4396818825008224e-05batch: 32encoder n layers: 1decoder layers: 1",2026-01-07T15:47:01
2023_cluster_2,Espirito_Santo_do_Dourado,2024-12-31T00:00:00,1.4391752577319588,1.4638774,1.72,teste,V44,LSTM,"/media/marcos/Marcos/Codigos/Predicao_Cafe_Arabica/Teste_2_reuniao_16_dez_ajuste_seed/temp_models/trial_218
Modelo LSTM. Treino: 2012 a 2022. Validação: 2023. Teste: 2024.
Dataset: V44.
Obs: ajuste de seed

Hyperparams:
input_size: 10h: 1lr: 5.4396818825008224e-05batch: 32encoder n layers: 1decoder layers: 1",2026-01-07T15:47:01
2023_cluster_2,Eugenopolis,2024-12-31T00:00:00,1.68,1.5735736,6.33,teste,V44,LSTM,"/media/marcos/Marcos/Codigos/Predicao_Cafe_Arabica/Teste_2_reuniao_16_dez_ajuste_seed/temp_models/trial_218
Modelo LSTM. Treino: 2012 a 2022. Validação: 2023. Teste: 2024.
Dataset: V44.
Obs: ajuste de seed

Hyperparams:
input_size: 10h: 1lr: 5.4396818825008224e-05batch: 32encoder n layers: 1decoder layers: 1",2026-01-07T15:47:01
2023_cluster_2,Felicio_dos_Santos,2024-12-31T00:00:00,2.663299663299664,2.6835093,0.76,teste,V44,LSTM,"/media/marcos/Marcos/Codigos/Predicao_Cafe_Arabica/Teste_2_reuniao_16_dez_ajuste_seed/temp_models/trial_218
Modelo LSTM. Treino: 2012 a 2022. Validação: 2023. Teste: 2024.
Dataset: V44.
Obs: ajuste de seed

Hyperparams:
input_size: 10h: 1lr: 5.4396818825008224e-05batch: 32encoder n layers: 1decoder layers: 1",2026-01-07T15:47:01
2023_cluster_2,Formiga,2024-12-31T00:00:00,1.9475763016157988,1.7589663,9.68,teste,V44,LSTM,"/media/marcos/Marcos/Codigos/Predicao_Cafe_Arabica/Teste_2_reuniao_16_dez_ajuste_seed/temp_models/trial_218
Modelo LSTM. Treino: 2012 a 2022. Validação: 2023. Teste: 2024.
Dataset: V44.
Obs: ajuste de seed

Hyperparams:
input_size: 10h: 1lr: 5.4396818825008224e-05batch: 32encoder n layers: 1decoder layers: 1",2026-01-07T15:47:01
2023_cluster_2,Guaraciaba,2024-12-31T00:00:00,1.8000000000000003,1.5058839,16.34,teste,V44,LSTM,"/media/marcos/Marcos/Codigos/Predicao_Cafe_Arabica/Teste_2_reuniao_16_dez_ajuste_seed/temp_models/trial_218
Modelo LSTM. Treino: 2012 a 2022. Validação: 2023. Teste: 2024.
Dataset: V44.
Obs: ajuste de seed

Hyperparams:
input_size: 10h: 1lr: 5.4396818825008224e-05batch: 32encoder n layers: 1decoder layers: 1",2026-01-07T15:47:01
2023_cluster_2,Guiricema,2024-12-31T00:00:00,1.56,2.0052729,28.54,teste,V44,LSTM,"/media/marcos/Marcos/Codigos/Predicao_Cafe_Arabica/Teste_2_reuniao_16_dez_ajuste_seed/temp_models/trial_218
Modelo LSTM. Treino: 2012 a 2022. Validação: 2023. Teste: 2024.
Dataset: V44.
Obs: ajuste de seed

Hyperparams:
input_size: 10h: 1lr: 5.4396818825008224e-05batch: 32encoder n layers: 1decoder layers: 1",2026-01-07T15:47:01
2023_cluster_2,Iapu,2024-12-31T00:00:00,1.355263157894737,1.4719516,8.61,teste,V44,LSTM,"/media/marcos/Marcos/Codigos/Predicao_Cafe_Arabica/Teste_2_reuniao_16_dez_ajuste_seed/temp_models/trial_218
Modelo LSTM. Treino: 2012 a 2022. Validação: 2023. Teste: 2024.
Dataset: V44.
Obs: ajuste de seed

Hyperparams:
input_size: 10h: 1lr: 5.4396818825008224e-05batch: 32encoder n layers: 1decoder layers: 1",2026-01-07T15:47:01
2023_cluster_2,Ijaci,2024-12-31T00:00:00,2.19,1.7346658,20.79,teste,V44,LSTM,"/media/marcos/Marcos/Codigos/Predicao_Cafe_Arabica/Teste_2_reuniao_16_dez_ajuste_seed/temp_models/trial_218
Modelo LSTM. Treino: 2012 a 2022. Validação: 2023. Teste: 2024.
Dataset: V44.
Obs: ajuste de seed

Hyperparams:
input_size: 10h: 1lr: 5.4396818825008224e-05batch: 32encoder n layers: 1decoder layers: 1",2026-01-07T15:47:01
2023_cluster_2,Imbe_de_Minas,2024-12-31T00:00:00,1.26,1.3540926,7.47,teste,V44,LSTM,"/media/marcos/Marcos/Codigos/Predicao_Cafe_Arabica/Teste_2_reuniao_16_dez_ajuste_seed/temp_models/trial_218
Modelo LSTM. Treino: 2012 a 2022. Validação: 2023. Teste: 2024.
Dataset: V44.
Obs: ajuste de seed

Hyperparams:
input_size: 10h: 1lr: 5.4396818825008224e-05batch: 32encoder n layers: 1decoder layers: 1",2026-01-07T15:47:01
2023_cluster_2,Inhapim,2024-12-31T00:00:00,1.2,1.7550579,46.25,teste,V44,LSTM,"/media/marcos/Marcos/Codigos/Predicao_Cafe_Arabica/Teste_2_reuniao_16_dez_ajuste_seed/temp_models/trial_218
Modelo LSTM. Treino: 2012 a 2022. Validação: 2023. Teste: 2024.
Dataset: V44.
Obs: ajuste de seed

Hyperparams:
input_size: 10h: 1lr: 5.4396818825008224e-05batch: 32encoder n layers: 1decoder layers: 1",2026-01-07T15:47:01
2023_cluster_2,Irai_de_Minas,2024-12-31T00:00:00,2.6079447322970637,2.25745,13.44,teste,V44,LSTM,"/media/marcos/Marcos/Codigos/Predicao_Cafe_Arabica/Teste_2_reuniao_16_dez_ajuste_seed/temp_models/trial_218
Modelo LSTM. Treino: 2012 a 2022. Validação: 2023. Teste: 2024.
Dataset: V44.
Obs: ajuste de seed

Hyperparams:
input_size: 10h: 1lr: 5.4396818825008224e-05batch: 32encoder n layers: 1decoder layers: 1",2026-01-07T15:47:01
2023_cluster_2,Itamarati_de_Minas,2024-12-31T00:00:00,1.196969696969697,1.0841509,9.43,teste,V44,LSTM,"/media/marcos/Marcos/Codigos/Predicao_Cafe_Arabica/Teste_2_reuniao_16_dez_ajuste_seed/temp_models/trial_218
Modelo LSTM. Treino: 2012 a 2022. Validação: 2023. Teste: 2024.
Dataset: V44.
Obs: ajuste de seed

Hyperparams:
input_size: 10h: 1lr: 5.4396818825008224e-05batch: 32encoder n layers: 1decoder layers: 1",2026-01-07T15:47:01
2023_cluster_2,Jequeri,2024-12-31T00:00:00,1.8000000000000003,1.5939736,11.45,teste,V44,LSTM,"/media/marcos/Marcos/Codigos/Predicao_Cafe_Arabica/Teste_2_reuniao_16_dez_ajuste_seed/temp_models/trial_218
Modelo LSTM. Treino: 2012 a 2022. Validação: 2023. Teste: 2024.
Dataset: V44.
Obs: ajuste de seed

Hyperparams:
input_size: 10h: 1lr: 5.4396818825008224e-05batch: 32encoder n layers: 1decoder layers: 1",2026-01-07T15:47:01
2023_cluster_2,Lamim,2024-12-31T00:00:00,1.7777777777777781,1.8246183,2.63,teste,V44,LSTM,"/media/marcos/Marcos/Codigos/Predicao_Cafe_Arabica/Teste_2_reuniao_16_dez_ajuste_seed/temp_models/trial_218
Modelo LSTM. Treino: 2012 a 2022. Validação: 2023. Teste: 2024.
Dataset: V44.
Obs: ajuste de seed

Hyperparams:
input_size: 10h: 1lr: 5.4396818825008224e-05batch: 32encoder n layers: 1decoder layers: 1",2026-01-07T15:47:01
2023_cluster_2,Mar_de_Espanha,2024-12-31T00:00:00,1.2625,1.883815,49.21,teste,V44,LSTM,"/media/marcos/Marcos/Codigos/Predicao_Cafe_Arabica/Teste_2_reuniao_16_dez_ajuste_seed/temp_models/trial_218
Modelo LSTM. Treino: 2012 a 2022. Validação: 2023. Teste: 2024.
Dataset: V44.
Obs: ajuste de seed

Hyperparams:
input_size: 10h: 1lr: 5.4396818825008224e-05batch: 32encoder n layers: 1decoder layers: 1",2026-01-07T15:47:01
2023_cluster_2,Mata_Verde,2024-12-31T00:00:00,1.5,1.3995727,6.7,teste,V44,LSTM,"/media/marcos/Marcos/Codigos/Predicao_Cafe_Arabica/Teste_2_reuniao_16_dez_ajuste_seed/temp_models/trial_218
Modelo LSTM. Treino: 2012 a 2022. Validação: 2023. Teste: 2024.
Dataset: V44.
Obs: ajuste de seed

Hyperparams:
input_size: 10h: 1lr: 5.4396818825008224e-05batch: 32encoder n layers: 1decoder layers: 1",2026-01-07T15:47:01
2023_cluster_2,Monte_Alegre_de_Minas,2024-12-31T00:00:00,2.378787878787879,2.2361422,6.0,teste,V44,LSTM,"/media/marcos/Marcos/Codigos/Predicao_Cafe_Arabica/Teste_2_reuniao_16_dez_ajuste_seed/temp_models/trial_218
Modelo LSTM. Treino: 2012 a 2022. Validação: 2023. Teste: 2024.
Dataset: V44.
Obs: ajuste de seed

Hyperparams:
input_size: 10h: 1lr: 5.4396818825008224e-05batch: 32encoder n layers: 1decoder layers: 1",2026-01-07T15:47:01
2023_cluster_2,Nova_Era,2024-12-31T00:00:00,1.5,1.759198,17.28,teste,V44,LSTM,"/media/marcos/Marcos/Codigos/Predicao_Cafe_Arabica/Teste_2_reuniao_16_dez_ajuste_seed/temp_models/trial_218
Modelo LSTM. Treino: 2012 a 2022. Validação: 2023. Teste: 2024.
Dataset: V44.
Obs: ajuste de seed

Hyperparams:
input_size: 10h: 1lr: 5.4396818825008224e-05batch: 32encoder n layers: 1decoder layers: 1",2026-01-07T15:47:01
2023_cluster_2,Nova_Ponte,2024-12-31T00:00:00,2.306557377049181,2.1854033,5.25,teste,V44,LSTM,"/media/marcos/Marcos/Codigos/Predicao_Cafe_Arabica/Teste_2_reuniao_16_dez_ajuste_seed/temp_models/trial_218
Modelo LSTM. Treino: 2012 a 2022. Validação: 2023. Teste: 2024.
Dataset: V44.
Obs: ajuste de seed

Hyperparams:
input_size: 10h: 1lr: 5.4396818825008224e-05batch: 32encoder n layers: 1decoder layers: 1",2026-01-07T15:47:01
2023_cluster_2,Paula_Candido,2024-12-31T00:00:00,1.31970802919708,1.507879,14.26,teste,V44,LSTM,"/media/marcos/Marcos/Codigos/Predicao_Cafe_Arabica/Teste_2_reuniao_16_dez_ajuste_seed/temp_models/trial_218
Modelo LSTM. Treino: 2012 a 2022. Validação: 2023. Teste: 2024.
Dataset: V44.
Obs: ajuste de seed

Hyperparams:
input_size: 10h: 1lr: 5.4396818825008224e-05batch: 32encoder n layers: 1decoder layers: 1",2026-01-07T15:47:01
2023_cluster_2,Pecanha,2024-12-31T00:00:00,1.8855421686746991,1.7830864,5.43,teste,V44,LSTM,"/media/marcos/Marcos/Codigos/Predicao_Cafe_Arabica/Teste_2_reuniao_16_dez_ajuste_seed/temp_models/trial_218
Modelo LSTM. Treino: 2012 a 2022. Validação: 2023. Teste: 2024.
Dataset: V44.
Obs: ajuste de seed

Hyperparams:
input_size: 10h: 1lr: 5.4396818825008224e-05batch: 32encoder n layers: 1decoder layers: 1",2026-01-07T15:47:01
2023_cluster_2,Pedra_Bonita,2024-12-31T00:00:00,1.2,1.3721495,14.35,teste,V44,LSTM,"/media/marcos/Marcos/Codigos/Predicao_Cafe_Arabica/Teste_2_reuniao_16_dez_ajuste_seed/temp_models/trial_218
Modelo LSTM. Treino: 2012 a 2022. Validação: 2023. Teste: 2024.
Dataset: V44.
Obs: ajuste de seed

Hyperparams:
input_size: 10h: 1lr: 5.4396818825008224e-05batch: 32encoder n layers: 1decoder layers: 1",2026-01-07T15:47:01
2023_cluster_2,Pedra_Dourada,2024-12-31T00:00:00,1.2800000000000002,1.1963173,6.54,teste,V44,LSTM,"/media/marcos/Marcos/Codigos/Predicao_Cafe_Arabica/Teste_2_reuniao_16_dez_ajuste_seed/temp_models/trial_218
Modelo LSTM. Treino: 2012 a 2022. Validação: 2023. Teste: 2024.
Dataset: V44.
Obs: ajuste de seed

Hyperparams:
input_size: 10h: 1lr: 5.4396818825008224e-05batch: 32encoder n layers: 1decoder layers: 1",2026-01-07T15:47:01
2023_cluster_2,Pedra_do_Anta,2024-12-31T00:00:00,1.379166666666667,1.3715777,0.55,teste,V44,LSTM,"/media/marcos/Marcos/Codigos/Predicao_Cafe_Arabica/Teste_2_reuniao_16_dez_ajuste_seed/temp_models/trial_218
Modelo LSTM. Treino: 2012 a 2022. Validação: 2023. Teste: 2024.
Dataset: V44.
Obs: ajuste de seed

Hyperparams:
input_size: 10h: 1lr: 5.4396818825008224e-05batch: 32encoder n layers: 1decoder layers: 1",2026-01-07T15:47:01
2023_cluster_2,Piedade_de_Caratinga,2024-12-31T00:00:00,1.68,1.7102183,1.8,teste,V44,LSTM,"/media/marcos/Marcos/Codigos/Predicao_Cafe_Arabica/Teste_2_reuniao_16_dez_ajuste_seed/temp_models/trial_218
Modelo LSTM. Treino: 2012 a 2022. Validação: 2023. Teste: 2024.
Dataset: V44.
Obs: ajuste de seed

Hyperparams:
input_size: 10h: 1lr: 5.4396818825008224e-05batch: 32encoder n layers: 1decoder layers: 1",2026-01-07T15:47:01
2023_cluster_2,Pocrane,2024-12-31T00:00:00,1.7968750000000002,1.3127462,26.94,teste,V44,LSTM,"/media/marcos/Marcos/Codigos/Predicao_Cafe_Arabica/Teste_2_reuniao_16_dez_ajuste_seed/temp_models/trial_218
Modelo LSTM. Treino: 2012 a 2022. Validação: 2023. Teste: 2024.
Dataset: V44.
Obs: ajuste de seed

Hyperparams:
input_size: 10h: 1lr: 5.4396818825008224e-05batch: 32encoder n layers: 1decoder layers: 1",2026-01-07T15:47:01
2023_cluster_2,Presidente_Bernardes,2024-12-31T00:00:00,1.110144927536232,1.4448882,30.15,teste,V44,LSTM,"/media/marcos/Marcos/Codigos/Predicao_Cafe_Arabica/Teste_2_reuniao_16_dez_ajuste_seed/temp_models/trial_218
Modelo LSTM. Treino: 2012 a 2022. Validação: 2023. Teste: 2024.
Dataset: V44.
Obs: ajuste de seed

Hyperparams:
input_size: 10h: 1lr: 5.4396818825008224e-05batch: 32encoder n layers: 1decoder layers: 1",2026-01-07T15:47:01
2023_cluster_2,Sabinopolis,2024-12-31T00:00:00,1.2,1.2433486,3.61,teste,V44,LSTM,"/media/marcos/Marcos/Codigos/Predicao_Cafe_Arabica/Teste_2_reuniao_16_dez_ajuste_seed/temp_models/trial_218
Modelo LSTM. Treino: 2012 a 2022. Validação: 2023. Teste: 2024.
Dataset: V44.
Obs: ajuste de seed

Hyperparams:
input_size: 10h: 1lr: 5.4396818825008224e-05batch: 32encoder n layers: 1decoder layers: 1",2026-01-07T15:47:01
2023_cluster_2,Santa_Barbara,2024-12-31T00:00:00,1.333333333333333,1.1471689,13.96,teste,V44,LSTM,"/media/marcos/Marcos/Codigos/Predicao_Cafe_Arabica/Teste_2_reuniao_16_dez_ajuste_seed/temp_models/trial_218
Modelo LSTM. Treino: 2012 a 2022. Validação: 2023. Teste: 2024.
Dataset: V44.
Obs: ajuste de seed

Hyperparams:
input_size: 10h: 1lr: 5.4396818825008224e-05batch: 32encoder n layers: 1decoder layers: 1",2026-01-07T15:47:01
2023_cluster_2,Santo_Antonio_do_Grama,2024-12-31T00:00:00,1.565217391304348,1.8174512,16.11,teste,V44,LSTM,"/media/marcos/Marcos/Codigos/Predicao_Cafe_Arabica/Teste_2_reuniao_16_dez_ajuste_seed/temp_models/trial_218
Modelo LSTM. Treino: 2012 a 2022. Validação: 2023. Teste: 2024.
Dataset: V44.
Obs: ajuste de seed

Hyperparams:
input_size: 10h: 1lr: 5.4396818825008224e-05batch: 32encoder n layers: 1decoder layers: 1",2026-01-07T15:47:01
2023_cluster_2,Sao_Domingos_do_Prata,2024-12-31T00:00:00,1.05,1.0122583,3.59,teste,V44,LSTM,"/media/marcos/Marcos/Codigos/Predicao_Cafe_Arabica/Teste_2_reuniao_16_dez_ajuste_seed/temp_models/trial_218
Modelo LSTM. Treino: 2012 a 2022. Validação: 2023. Teste: 2024.
Dataset: V44.
Obs: ajuste de seed

Hyperparams:
input_size: 10h: 1lr: 5.4396818825008224e-05batch: 32encoder n layers: 1decoder layers: 1",2026-01-07T15:47:01
2023_cluster_2,Sao_Geraldo,2024-12-31T00:00:00,1.3189189189189188,1.4781872,12.08,teste,V44,LSTM,"/media/marcos/Marcos/Codigos/Predicao_Cafe_Arabica/Teste_2_reuniao_16_dez_ajuste_seed/temp_models/trial_218
Modelo LSTM. Treino: 2012 a 2022. Validação: 2023. Teste: 2024.
Dataset: V44.
Obs: ajuste de seed

Hyperparams:
input_size: 10h: 1lr: 5.4396818825008224e-05batch: 32encoder n layers: 1decoder layers: 1",2026-01-07T15:47:01
2023_cluster_2,Sao_Jose_da_Barra,2024-12-31T00:00:00,1.709523809523809,2.0387812,19.26,teste,V44,LSTM,"/media/marcos/Marcos/Codigos/Predicao_Cafe_Arabica/Teste_2_reuniao_16_dez_ajuste_seed/temp_models/trial_218
Modelo LSTM. Treino: 2012 a 2022. Validação: 2023. Teste: 2024.
Dataset: V44.
Obs: ajuste de seed

Hyperparams:
input_size: 10h: 1lr: 5.4396818825008224e-05batch: 32encoder n layers: 1decoder layers: 1",2026-01-07T15:47:01
2023_cluster_2,Sao_Jose_do_Alegre,2024-12-31T00:00:00,1.8000000000000003,1.6531212,8.16,teste,V44,LSTM,"/media/marcos/Marcos/Codigos/Predicao_Cafe_Arabica/Teste_2_reuniao_16_dez_ajuste_seed/temp_models/trial_218
Modelo LSTM. Treino: 2012 a 2022. Validação: 2023. Teste: 2024.
Dataset: V44.
Obs: ajuste de seed

Hyperparams:
input_size: 10h: 1lr: 5.4396818825008224e-05batch: 32encoder n layers: 1decoder layers: 1",2026-01-07T15:47:01
2023_cluster_2,Sao_Miguel_do_Anta,2024-12-31T00:00:00,1.55974025974026,1.4052619,9.9,teste,V44,LSTM,"/media/marcos/Marcos/Codigos/Predicao_Cafe_Arabica/Teste_2_reuniao_16_dez_ajuste_seed/temp_models/trial_218
Modelo LSTM. Treino: 2012 a 2022. Validação: 2023. Teste: 2024.
Dataset: V44.
Obs: ajuste de seed

Hyperparams:
input_size: 10h: 1lr: 5.4396818825008224e-05batch: 32encoder n layers: 1decoder layers: 1",2026-01-07T15:47:01
2023_cluster_2,Sao_Sebastiao_da_Vargem_Alegre,2024-12-31T00:00:00,1.2800000000000002,1.2920855,0.94,teste,V44,LSTM,"/media/marcos/Marcos/Codigos/Predicao_Cafe_Arabica/Teste_2_reuniao_16_dez_ajuste_seed/temp_models/trial_218
Modelo LSTM. Treino: 2012 a 2022. Validação: 2023. Teste: 2024.
Dataset: V44.
Obs: ajuste de seed

Hyperparams:
input_size: 10h: 1lr: 5.4396818825008224e-05batch: 32encoder n layers: 1decoder layers: 1",2026-01-07T15:47:01
2023_cluster_2,Sao_Sebastiao_do_Anta,2024-12-31T00:00:00,1.8000000000000003,1.6851361,6.38,teste,V44,LSTM,"/media/marcos/Marcos/Codigos/Predicao_Cafe_Arabica/Teste_2_reuniao_16_dez_ajuste_seed/temp_models/trial_218
Modelo LSTM. Treino: 2012 a 2022. Validação: 2023. Teste: 2024.
Dataset: V44.
Obs: ajuste de seed

Hyperparams:
input_size: 10h: 1lr: 5.4396818825008224e-05batch: 32encoder n layers: 1decoder layers: 1",2026-01-07T15:47:01
2023_cluster_2,Senhora_dos_Remedios,2024-12-31T00:00:00,1.8000000000000003,1.5705785,12.75,teste,V44,LSTM,"/media/marcos/Marcos/Codigos/Predicao_Cafe_Arabica/Teste_2_reuniao_16_dez_ajuste_seed/temp_models/trial_218
Modelo LSTM. Treino: 2012 a 2022. Validação: 2023. Teste: 2024.
Dataset: V44.
Obs: ajuste de seed

Hyperparams:
input_size: 10h: 1lr: 5.4396818825008224e-05batch: 32encoder n layers: 1decoder layers: 1",2026-01-07T15:47:01
2023_cluster_2,Teixeiras,2024-12-31T00:00:00,1.5,1.3731306,8.46,teste,V44,LSTM,"/media/marcos/Marcos/Codigos/Predicao_Cafe_Arabica/Teste_2_reuniao_16_dez_ajuste_seed/temp_models/trial_218
Modelo LSTM. Treino: 2012 a 2022. Validação: 2023. Teste: 2024.
Dataset: V44.
Obs: ajuste de seed

Hyperparams:
input_size: 10h: 1lr: 5.4396818825008224e-05batch: 32encoder n layers: 1decoder layers: 1",2026-01-07T15:47:01
2023_cluster_2,Visconde_do_Rio_Branco,2024-12-31T00:00:00,1.333333333333333,1.2777842,4.17,teste,V44,LSTM,"/media/marcos/Marcos/Codigos/Predicao_Cafe_Arabica/Teste_2_reuniao_16_dez_ajuste_seed/temp_models/trial_218
Modelo LSTM. Treino: 2012 a 2022. Validação: 2023. Teste: 2024.
Dataset: V44.
Obs: ajuste de seed

Hyperparams:
input_size: 10h: 1lr: 5.4396818825008224e-05batch: 32encoder n layers: 1decoder layers: 1",2026-01-07T15:47:01
