treino_id,unique_id,ds,y,y_pred,diferença_%,flag,dataset,modelo,comentario,data_treino
2024_cluster_1,Almenara,2024-12-31T00:00:00,0.78,0.8277557,6.12,validacao,V44,LSTM,"/media/marcos/Marcos/Codigos/Predicao_Cafe_Arabica/Teste_2_reuniao_16_dez_ajuste_seed/temp_models/trial_299
Modelo LSTM. Treino: 2012 a 2023. Validação: 2024. Teste: 2025.
Dataset: V44.
Obs: ajuste de seed

Hyperparams:
input_size: 11h: 1lr: 3.7492968596220224e-05batch: 32encoder n layers: 3decoder layers: 3",2026-01-07T21:20:55
2024_cluster_1,Alpinopolis,2024-12-31T00:00:00,2.08,1.792836,13.81,validacao,V44,LSTM,"/media/marcos/Marcos/Codigos/Predicao_Cafe_Arabica/Teste_2_reuniao_16_dez_ajuste_seed/temp_models/trial_299
Modelo LSTM. Treino: 2012 a 2023. Validação: 2024. Teste: 2025.
Dataset: V44.
Obs: ajuste de seed

Hyperparams:
input_size: 11h: 1lr: 3.7492968596220224e-05batch: 32encoder n layers: 3decoder layers: 3",2026-01-07T21:20:55
2024_cluster_1,Alterosa,2024-12-31T00:00:00,1.110028116213683,1.2434227,12.02,validacao,V44,LSTM,"/media/marcos/Marcos/Codigos/Predicao_Cafe_Arabica/Teste_2_reuniao_16_dez_ajuste_seed/temp_models/trial_299
Modelo LSTM. Treino: 2012 a 2023. Validação: 2024. Teste: 2025.
Dataset: V44.
Obs: ajuste de seed

Hyperparams:
input_size: 11h: 1lr: 3.7492968596220224e-05batch: 32encoder n layers: 3decoder layers: 3",2026-01-07T21:20:55
2024_cluster_1,Andradas,2024-12-31T00:00:00,1.26,1.1418915,9.37,validacao,V44,LSTM,"/media/marcos/Marcos/Codigos/Predicao_Cafe_Arabica/Teste_2_reuniao_16_dez_ajuste_seed/temp_models/trial_299
Modelo LSTM. Treino: 2012 a 2023. Validação: 2024. Teste: 2025.
Dataset: V44.
Obs: ajuste de seed

Hyperparams:
input_size: 11h: 1lr: 3.7492968596220224e-05batch: 32encoder n layers: 3decoder layers: 3",2026-01-07T21:20:55
2024_cluster_1,Araguari,2024-12-31T00:00:00,1.500037950664137,2.0792823,38.62,validacao,V44,LSTM,"/media/marcos/Marcos/Codigos/Predicao_Cafe_Arabica/Teste_2_reuniao_16_dez_ajuste_seed/temp_models/trial_299
Modelo LSTM. Treino: 2012 a 2023. Validação: 2024. Teste: 2025.
Dataset: V44.
Obs: ajuste de seed

Hyperparams:
input_size: 11h: 1lr: 3.7492968596220224e-05batch: 32encoder n layers: 3decoder layers: 3",2026-01-07T21:20:55
2024_cluster_1,Arapua,2024-12-31T00:00:00,1.0805194805194802,1.2300253,13.84,validacao,V44,LSTM,"/media/marcos/Marcos/Codigos/Predicao_Cafe_Arabica/Teste_2_reuniao_16_dez_ajuste_seed/temp_models/trial_299
Modelo LSTM. Treino: 2012 a 2023. Validação: 2024. Teste: 2025.
Dataset: V44.
Obs: ajuste de seed

Hyperparams:
input_size: 11h: 1lr: 3.7492968596220224e-05batch: 32encoder n layers: 3decoder layers: 3",2026-01-07T21:20:55
2024_cluster_1,Araxa,2024-12-31T00:00:00,1.412283279459301,1.5895364,12.55,validacao,V44,LSTM,"/media/marcos/Marcos/Codigos/Predicao_Cafe_Arabica/Teste_2_reuniao_16_dez_ajuste_seed/temp_models/trial_299
Modelo LSTM. Treino: 2012 a 2023. Validação: 2024. Teste: 2025.
Dataset: V44.
Obs: ajuste de seed

Hyperparams:
input_size: 11h: 1lr: 3.7492968596220224e-05batch: 32encoder n layers: 3decoder layers: 3",2026-01-07T21:20:55
2024_cluster_1,Arceburgo,2024-12-31T00:00:00,1.7586206896551722,1.2620853,28.23,validacao,V44,LSTM,"/media/marcos/Marcos/Codigos/Predicao_Cafe_Arabica/Teste_2_reuniao_16_dez_ajuste_seed/temp_models/trial_299
Modelo LSTM. Treino: 2012 a 2023. Validação: 2024. Teste: 2025.
Dataset: V44.
Obs: ajuste de seed

Hyperparams:
input_size: 11h: 1lr: 3.7492968596220224e-05batch: 32encoder n layers: 3decoder layers: 3",2026-01-07T21:20:55
2024_cluster_1,Areado,2024-12-31T00:00:00,1.162105263157895,1.3867794,19.33,validacao,V44,LSTM,"/media/marcos/Marcos/Codigos/Predicao_Cafe_Arabica/Teste_2_reuniao_16_dez_ajuste_seed/temp_models/trial_299
Modelo LSTM. Treino: 2012 a 2023. Validação: 2024. Teste: 2025.
Dataset: V44.
Obs: ajuste de seed

Hyperparams:
input_size: 11h: 1lr: 3.7492968596220224e-05batch: 32encoder n layers: 3decoder layers: 3",2026-01-07T21:20:55
2024_cluster_1,Bom_Jesus_da_Penha,2024-12-31T00:00:00,1.56,1.5838778,1.53,validacao,V44,LSTM,"/media/marcos/Marcos/Codigos/Predicao_Cafe_Arabica/Teste_2_reuniao_16_dez_ajuste_seed/temp_models/trial_299
Modelo LSTM. Treino: 2012 a 2023. Validação: 2024. Teste: 2025.
Dataset: V44.
Obs: ajuste de seed

Hyperparams:
input_size: 11h: 1lr: 3.7492968596220224e-05batch: 32encoder n layers: 3decoder layers: 3",2026-01-07T21:20:55
2024_cluster_1,Botelhos,2024-12-31T00:00:00,1.08,1.0848429,0.45,validacao,V44,LSTM,"/media/marcos/Marcos/Codigos/Predicao_Cafe_Arabica/Teste_2_reuniao_16_dez_ajuste_seed/temp_models/trial_299
Modelo LSTM. Treino: 2012 a 2023. Validação: 2024. Teste: 2025.
Dataset: V44.
Obs: ajuste de seed

Hyperparams:
input_size: 11h: 1lr: 3.7492968596220224e-05batch: 32encoder n layers: 3decoder layers: 3",2026-01-07T21:20:55
2024_cluster_1,Botumirim,2024-12-31T00:00:00,0.7250000000000001,0.66916466,7.7,validacao,V44,LSTM,"/media/marcos/Marcos/Codigos/Predicao_Cafe_Arabica/Teste_2_reuniao_16_dez_ajuste_seed/temp_models/trial_299
Modelo LSTM. Treino: 2012 a 2023. Validação: 2024. Teste: 2025.
Dataset: V44.
Obs: ajuste de seed

Hyperparams:
input_size: 11h: 1lr: 3.7492968596220224e-05batch: 32encoder n layers: 3decoder layers: 3",2026-01-07T21:20:55
2024_cluster_1,Cabo_Verde,2024-12-31T00:00:00,1.32,1.3606671,3.08,validacao,V44,LSTM,"/media/marcos/Marcos/Codigos/Predicao_Cafe_Arabica/Teste_2_reuniao_16_dez_ajuste_seed/temp_models/trial_299
Modelo LSTM. Treino: 2012 a 2023. Validação: 2024. Teste: 2025.
Dataset: V44.
Obs: ajuste de seed

Hyperparams:
input_size: 11h: 1lr: 3.7492968596220224e-05batch: 32encoder n layers: 3decoder layers: 3",2026-01-07T21:20:55
2024_cluster_1,Campestre,2024-12-31T00:00:00,1.320032051282051,1.1768764,10.84,validacao,V44,LSTM,"/media/marcos/Marcos/Codigos/Predicao_Cafe_Arabica/Teste_2_reuniao_16_dez_ajuste_seed/temp_models/trial_299
Modelo LSTM. Treino: 2012 a 2023. Validação: 2024. Teste: 2025.
Dataset: V44.
Obs: ajuste de seed

Hyperparams:
input_size: 11h: 1lr: 3.7492968596220224e-05batch: 32encoder n layers: 3decoder layers: 3",2026-01-07T21:20:55
2024_cluster_1,Capetinga,2024-12-31T00:00:00,1.437691001697793,1.5983965,11.18,validacao,V44,LSTM,"/media/marcos/Marcos/Codigos/Predicao_Cafe_Arabica/Teste_2_reuniao_16_dez_ajuste_seed/temp_models/trial_299
Modelo LSTM. Treino: 2012 a 2023. Validação: 2024. Teste: 2025.
Dataset: V44.
Obs: ajuste de seed

Hyperparams:
input_size: 11h: 1lr: 3.7492968596220224e-05batch: 32encoder n layers: 3decoder layers: 3",2026-01-07T21:20:55
2024_cluster_1,Carmo_do_Paranaiba,2024-12-31T00:00:00,2.103206239168111,1.7255446,17.96,validacao,V44,LSTM,"/media/marcos/Marcos/Codigos/Predicao_Cafe_Arabica/Teste_2_reuniao_16_dez_ajuste_seed/temp_models/trial_299
Modelo LSTM. Treino: 2012 a 2023. Validação: 2024. Teste: 2025.
Dataset: V44.
Obs: ajuste de seed

Hyperparams:
input_size: 11h: 1lr: 3.7492968596220224e-05batch: 32encoder n layers: 3decoder layers: 3",2026-01-07T21:20:55
2024_cluster_1,Cascalho_Rico,2024-12-31T00:00:00,1.8000000000000003,2.074506,15.25,validacao,V44,LSTM,"/media/marcos/Marcos/Codigos/Predicao_Cafe_Arabica/Teste_2_reuniao_16_dez_ajuste_seed/temp_models/trial_299
Modelo LSTM. Treino: 2012 a 2023. Validação: 2024. Teste: 2025.
Dataset: V44.
Obs: ajuste de seed

Hyperparams:
input_size: 11h: 1lr: 3.7492968596220224e-05batch: 32encoder n layers: 3decoder layers: 3",2026-01-07T21:20:55
2024_cluster_1,Claraval,2024-12-31T00:00:00,1.92,1.5754721,17.94,validacao,V44,LSTM,"/media/marcos/Marcos/Codigos/Predicao_Cafe_Arabica/Teste_2_reuniao_16_dez_ajuste_seed/temp_models/trial_299
Modelo LSTM. Treino: 2012 a 2023. Validação: 2024. Teste: 2025.
Dataset: V44.
Obs: ajuste de seed

Hyperparams:
input_size: 11h: 1lr: 3.7492968596220224e-05batch: 32encoder n layers: 3decoder layers: 3",2026-01-07T21:20:55
2024_cluster_1,Conceicao_da_Aparecida,2024-12-31T00:00:00,1.5,1.7138911,14.26,validacao,V44,LSTM,"/media/marcos/Marcos/Codigos/Predicao_Cafe_Arabica/Teste_2_reuniao_16_dez_ajuste_seed/temp_models/trial_299
Modelo LSTM. Treino: 2012 a 2023. Validação: 2024. Teste: 2025.
Dataset: V44.
Obs: ajuste de seed

Hyperparams:
input_size: 11h: 1lr: 3.7492968596220224e-05batch: 32encoder n layers: 3decoder layers: 3",2026-01-07T21:20:55
2024_cluster_1,Coromandel,2024-12-31T00:00:00,1.6144686299615878,1.7245275,6.82,validacao,V44,LSTM,"/media/marcos/Marcos/Codigos/Predicao_Cafe_Arabica/Teste_2_reuniao_16_dez_ajuste_seed/temp_models/trial_299
Modelo LSTM. Treino: 2012 a 2023. Validação: 2024. Teste: 2025.
Dataset: V44.
Obs: ajuste de seed

Hyperparams:
input_size: 11h: 1lr: 3.7492968596220224e-05batch: 32encoder n layers: 3decoder layers: 3",2026-01-07T21:20:55
2024_cluster_1,Corrego_Fundo,2024-12-31T00:00:00,1.501960784313725,1.3983226,6.9,validacao,V44,LSTM,"/media/marcos/Marcos/Codigos/Predicao_Cafe_Arabica/Teste_2_reuniao_16_dez_ajuste_seed/temp_models/trial_299
Modelo LSTM. Treino: 2012 a 2023. Validação: 2024. Teste: 2025.
Dataset: V44.
Obs: ajuste de seed

Hyperparams:
input_size: 11h: 1lr: 3.7492968596220224e-05batch: 32encoder n layers: 3decoder layers: 3",2026-01-07T21:20:55
2024_cluster_1,Cruzeiro_da_Fortaleza,2024-12-31T00:00:00,2.2199999999999998,1.7299168,22.08,validacao,V44,LSTM,"/media/marcos/Marcos/Codigos/Predicao_Cafe_Arabica/Teste_2_reuniao_16_dez_ajuste_seed/temp_models/trial_299
Modelo LSTM. Treino: 2012 a 2023. Validação: 2024. Teste: 2025.
Dataset: V44.
Obs: ajuste de seed

Hyperparams:
input_size: 11h: 1lr: 3.7492968596220224e-05batch: 32encoder n layers: 3decoder layers: 3",2026-01-07T21:20:55
2024_cluster_1,Delfinopolis,2024-12-31T00:00:00,1.5,1.3456218,10.29,validacao,V44,LSTM,"/media/marcos/Marcos/Codigos/Predicao_Cafe_Arabica/Teste_2_reuniao_16_dez_ajuste_seed/temp_models/trial_299
Modelo LSTM. Treino: 2012 a 2023. Validação: 2024. Teste: 2025.
Dataset: V44.
Obs: ajuste de seed

Hyperparams:
input_size: 11h: 1lr: 3.7492968596220224e-05batch: 32encoder n layers: 3decoder layers: 3",2026-01-07T21:20:55
2024_cluster_1,Divisa_Nova,2024-12-31T00:00:00,1.679831932773109,1.2789978,23.86,validacao,V44,LSTM,"/media/marcos/Marcos/Codigos/Predicao_Cafe_Arabica/Teste_2_reuniao_16_dez_ajuste_seed/temp_models/trial_299
Modelo LSTM. Treino: 2012 a 2023. Validação: 2024. Teste: 2025.
Dataset: V44.
Obs: ajuste de seed

Hyperparams:
input_size: 11h: 1lr: 3.7492968596220224e-05batch: 32encoder n layers: 3decoder layers: 3",2026-01-07T21:20:55
2024_cluster_1,Dom_Cavati,2024-12-31T00:00:00,0.6000000000000001,0.7538367,25.64,validacao,V44,LSTM,"/media/marcos/Marcos/Codigos/Predicao_Cafe_Arabica/Teste_2_reuniao_16_dez_ajuste_seed/temp_models/trial_299
Modelo LSTM. Treino: 2012 a 2023. Validação: 2024. Teste: 2025.
Dataset: V44.
Obs: ajuste de seed

Hyperparams:
input_size: 11h: 1lr: 3.7492968596220224e-05batch: 32encoder n layers: 3decoder layers: 3",2026-01-07T21:20:55
2024_cluster_1,Dores_do_Turvo,2024-12-31T00:00:00,1.2,1.1517032,4.02,validacao,V44,LSTM,"/media/marcos/Marcos/Codigos/Predicao_Cafe_Arabica/Teste_2_reuniao_16_dez_ajuste_seed/temp_models/trial_299
Modelo LSTM. Treino: 2012 a 2023. Validação: 2024. Teste: 2025.
Dataset: V44.
Obs: ajuste de seed

Hyperparams:
input_size: 11h: 1lr: 3.7492968596220224e-05batch: 32encoder n layers: 3decoder layers: 3",2026-01-07T21:20:55
2024_cluster_1,Estrela_do_Indaia,2024-12-31T00:00:00,1.56,1.6504841,5.8,validacao,V44,LSTM,"/media/marcos/Marcos/Codigos/Predicao_Cafe_Arabica/Teste_2_reuniao_16_dez_ajuste_seed/temp_models/trial_299
Modelo LSTM. Treino: 2012 a 2023. Validação: 2024. Teste: 2025.
Dataset: V44.
Obs: ajuste de seed

Hyperparams:
input_size: 11h: 1lr: 3.7492968596220224e-05batch: 32encoder n layers: 3decoder layers: 3",2026-01-07T21:20:55
2024_cluster_1,Estrela_do_Sul,2024-12-31T00:00:00,1.7099999999999997,1.7261467,0.94,validacao,V44,LSTM,"/media/marcos/Marcos/Codigos/Predicao_Cafe_Arabica/Teste_2_reuniao_16_dez_ajuste_seed/temp_models/trial_299
Modelo LSTM. Treino: 2012 a 2023. Validação: 2024. Teste: 2025.
Dataset: V44.
Obs: ajuste de seed

Hyperparams:
input_size: 11h: 1lr: 3.7492968596220224e-05batch: 32encoder n layers: 3decoder layers: 3",2026-01-07T21:20:55
2024_cluster_1,Guaranesia,2024-12-31T00:00:00,1.205714285714286,1.1952099,0.87,validacao,V44,LSTM,"/media/marcos/Marcos/Codigos/Predicao_Cafe_Arabica/Teste_2_reuniao_16_dez_ajuste_seed/temp_models/trial_299
Modelo LSTM. Treino: 2012 a 2023. Validação: 2024. Teste: 2025.
Dataset: V44.
Obs: ajuste de seed

Hyperparams:
input_size: 11h: 1lr: 3.7492968596220224e-05batch: 32encoder n layers: 3decoder layers: 3",2026-01-07T21:20:55
2024_cluster_1,Guarani,2024-12-31T00:00:00,0.9655172413793104,1.1770345,21.91,validacao,V44,LSTM,"/media/marcos/Marcos/Codigos/Predicao_Cafe_Arabica/Teste_2_reuniao_16_dez_ajuste_seed/temp_models/trial_299
Modelo LSTM. Treino: 2012 a 2023. Validação: 2024. Teste: 2025.
Dataset: V44.
Obs: ajuste de seed

Hyperparams:
input_size: 11h: 1lr: 3.7492968596220224e-05batch: 32encoder n layers: 3decoder layers: 3",2026-01-07T21:20:55
2024_cluster_1,Guarda-Mor,2024-12-31T00:00:00,1.740112994350282,1.8582948,6.79,validacao,V44,LSTM,"/media/marcos/Marcos/Codigos/Predicao_Cafe_Arabica/Teste_2_reuniao_16_dez_ajuste_seed/temp_models/trial_299
Modelo LSTM. Treino: 2012 a 2023. Validação: 2024. Teste: 2025.
Dataset: V44.
Obs: ajuste de seed

Hyperparams:
input_size: 11h: 1lr: 3.7492968596220224e-05batch: 32encoder n layers: 3decoder layers: 3",2026-01-07T21:20:55
2024_cluster_1,Guaxupe,2024-12-31T00:00:00,1.32,1.1761686,10.9,validacao,V44,LSTM,"/media/marcos/Marcos/Codigos/Predicao_Cafe_Arabica/Teste_2_reuniao_16_dez_ajuste_seed/temp_models/trial_299
Modelo LSTM. Treino: 2012 a 2023. Validação: 2024. Teste: 2025.
Dataset: V44.
Obs: ajuste de seed

Hyperparams:
input_size: 11h: 1lr: 3.7492968596220224e-05batch: 32encoder n layers: 3decoder layers: 3",2026-01-07T21:20:55
2024_cluster_1,Guimarania,2024-12-31T00:00:00,1.8219512195121947,1.5633674,14.19,validacao,V44,LSTM,"/media/marcos/Marcos/Codigos/Predicao_Cafe_Arabica/Teste_2_reuniao_16_dez_ajuste_seed/temp_models/trial_299
Modelo LSTM. Treino: 2012 a 2023. Validação: 2024. Teste: 2025.
Dataset: V44.
Obs: ajuste de seed

Hyperparams:
input_size: 11h: 1lr: 3.7492968596220224e-05batch: 32encoder n layers: 3decoder layers: 3",2026-01-07T21:20:55
2024_cluster_1,Ibia,2024-12-31T00:00:00,1.681621621621622,1.461884,13.07,validacao,V44,LSTM,"/media/marcos/Marcos/Codigos/Predicao_Cafe_Arabica/Teste_2_reuniao_16_dez_ajuste_seed/temp_models/trial_299
Modelo LSTM. Treino: 2012 a 2023. Validação: 2024. Teste: 2025.
Dataset: V44.
Obs: ajuste de seed

Hyperparams:
input_size: 11h: 1lr: 3.7492968596220224e-05batch: 32encoder n layers: 3decoder layers: 3",2026-01-07T21:20:55
2024_cluster_1,Ibiraci,2024-12-31T00:00:00,1.978101265822785,1.4551511,26.44,validacao,V44,LSTM,"/media/marcos/Marcos/Codigos/Predicao_Cafe_Arabica/Teste_2_reuniao_16_dez_ajuste_seed/temp_models/trial_299
Modelo LSTM. Treino: 2012 a 2023. Validação: 2024. Teste: 2025.
Dataset: V44.
Obs: ajuste de seed

Hyperparams:
input_size: 11h: 1lr: 3.7492968596220224e-05batch: 32encoder n layers: 3decoder layers: 3",2026-01-07T21:20:55
2024_cluster_1,Indianopolis,2024-12-31T00:00:00,1.8000000000000003,2.0074186,11.52,validacao,V44,LSTM,"/media/marcos/Marcos/Codigos/Predicao_Cafe_Arabica/Teste_2_reuniao_16_dez_ajuste_seed/temp_models/trial_299
Modelo LSTM. Treino: 2012 a 2023. Validação: 2024. Teste: 2025.
Dataset: V44.
Obs: ajuste de seed

Hyperparams:
input_size: 11h: 1lr: 3.7492968596220224e-05batch: 32encoder n layers: 3decoder layers: 3",2026-01-07T21:20:55
2024_cluster_1,Itamogi,2024-12-31T00:00:00,1.44,1.4785153,2.67,validacao,V44,LSTM,"/media/marcos/Marcos/Codigos/Predicao_Cafe_Arabica/Teste_2_reuniao_16_dez_ajuste_seed/temp_models/trial_299
Modelo LSTM. Treino: 2012 a 2023. Validação: 2024. Teste: 2025.
Dataset: V44.
Obs: ajuste de seed

Hyperparams:
input_size: 11h: 1lr: 3.7492968596220224e-05batch: 32encoder n layers: 3decoder layers: 3",2026-01-07T21:20:55
2024_cluster_1,Itanhomi,2024-12-31T00:00:00,1.02089552238806,1.0455265,2.41,validacao,V44,LSTM,"/media/marcos/Marcos/Codigos/Predicao_Cafe_Arabica/Teste_2_reuniao_16_dez_ajuste_seed/temp_models/trial_299
Modelo LSTM. Treino: 2012 a 2023. Validação: 2024. Teste: 2025.
Dataset: V44.
Obs: ajuste de seed

Hyperparams:
input_size: 11h: 1lr: 3.7492968596220224e-05batch: 32encoder n layers: 3decoder layers: 3",2026-01-07T21:20:55
2024_cluster_1,Jacui,2024-12-31T00:00:00,1.3799999999999997,1.2603083,8.67,validacao,V44,LSTM,"/media/marcos/Marcos/Codigos/Predicao_Cafe_Arabica/Teste_2_reuniao_16_dez_ajuste_seed/temp_models/trial_299
Modelo LSTM. Treino: 2012 a 2023. Validação: 2024. Teste: 2025.
Dataset: V44.
Obs: ajuste de seed

Hyperparams:
input_size: 11h: 1lr: 3.7492968596220224e-05batch: 32encoder n layers: 3decoder layers: 3",2026-01-07T21:20:55
2024_cluster_1,Jacutinga,2024-12-31T00:00:00,1.319874804381847,1.210849,8.26,validacao,V44,LSTM,"/media/marcos/Marcos/Codigos/Predicao_Cafe_Arabica/Teste_2_reuniao_16_dez_ajuste_seed/temp_models/trial_299
Modelo LSTM. Treino: 2012 a 2023. Validação: 2024. Teste: 2025.
Dataset: V44.
Obs: ajuste de seed

Hyperparams:
input_size: 11h: 1lr: 3.7492968596220224e-05batch: 32encoder n layers: 3decoder layers: 3",2026-01-07T21:20:55
2024_cluster_1,Juruaia,2024-12-31T00:00:00,1.68,1.4628494,12.93,validacao,V44,LSTM,"/media/marcos/Marcos/Codigos/Predicao_Cafe_Arabica/Teste_2_reuniao_16_dez_ajuste_seed/temp_models/trial_299
Modelo LSTM. Treino: 2012 a 2023. Validação: 2024. Teste: 2025.
Dataset: V44.
Obs: ajuste de seed

Hyperparams:
input_size: 11h: 1lr: 3.7492968596220224e-05batch: 32encoder n layers: 3decoder layers: 3",2026-01-07T21:20:55
2024_cluster_1,Lagoa_Dourada,2024-12-31T00:00:00,1.5,1.6332347,8.88,validacao,V44,LSTM,"/media/marcos/Marcos/Codigos/Predicao_Cafe_Arabica/Teste_2_reuniao_16_dez_ajuste_seed/temp_models/trial_299
Modelo LSTM. Treino: 2012 a 2023. Validação: 2024. Teste: 2025.
Dataset: V44.
Obs: ajuste de seed

Hyperparams:
input_size: 11h: 1lr: 3.7492968596220224e-05batch: 32encoder n layers: 3decoder layers: 3",2026-01-07T21:20:55
2024_cluster_1,Lagoa_Formosa,2024-12-31T00:00:00,1.8142857142857145,1.9439409,7.15,validacao,V44,LSTM,"/media/marcos/Marcos/Codigos/Predicao_Cafe_Arabica/Teste_2_reuniao_16_dez_ajuste_seed/temp_models/trial_299
Modelo LSTM. Treino: 2012 a 2023. Validação: 2024. Teste: 2025.
Dataset: V44.
Obs: ajuste de seed

Hyperparams:
input_size: 11h: 1lr: 3.7492968596220224e-05batch: 32encoder n layers: 3decoder layers: 3",2026-01-07T21:20:55
2024_cluster_1,Lagoa_Grande,2024-12-31T00:00:00,2.4,1.4881337,37.99,validacao,V44,LSTM,"/media/marcos/Marcos/Codigos/Predicao_Cafe_Arabica/Teste_2_reuniao_16_dez_ajuste_seed/temp_models/trial_299
Modelo LSTM. Treino: 2012 a 2023. Validação: 2024. Teste: 2025.
Dataset: V44.
Obs: ajuste de seed

Hyperparams:
input_size: 11h: 1lr: 3.7492968596220224e-05batch: 32encoder n layers: 3decoder layers: 3",2026-01-07T21:20:55
2024_cluster_1,Matutina,2024-12-31T00:00:00,1.380566801619433,1.6043166,16.21,validacao,V44,LSTM,"/media/marcos/Marcos/Codigos/Predicao_Cafe_Arabica/Teste_2_reuniao_16_dez_ajuste_seed/temp_models/trial_299
Modelo LSTM. Treino: 2012 a 2023. Validação: 2024. Teste: 2025.
Dataset: V44.
Obs: ajuste de seed

Hyperparams:
input_size: 11h: 1lr: 3.7492968596220224e-05batch: 32encoder n layers: 3decoder layers: 3",2026-01-07T21:20:55
2024_cluster_1,Monte_Belo,2024-12-31T00:00:00,1.5,1.2100667,19.33,validacao,V44,LSTM,"/media/marcos/Marcos/Codigos/Predicao_Cafe_Arabica/Teste_2_reuniao_16_dez_ajuste_seed/temp_models/trial_299
Modelo LSTM. Treino: 2012 a 2023. Validação: 2024. Teste: 2025.
Dataset: V44.
Obs: ajuste de seed

Hyperparams:
input_size: 11h: 1lr: 3.7492968596220224e-05batch: 32encoder n layers: 3decoder layers: 3",2026-01-07T21:20:55
2024_cluster_1,Monte_Carmelo,2024-12-31T00:00:00,1.56,1.9049437,22.11,validacao,V44,LSTM,"/media/marcos/Marcos/Codigos/Predicao_Cafe_Arabica/Teste_2_reuniao_16_dez_ajuste_seed/temp_models/trial_299
Modelo LSTM. Treino: 2012 a 2023. Validação: 2024. Teste: 2025.
Dataset: V44.
Obs: ajuste de seed

Hyperparams:
input_size: 11h: 1lr: 3.7492968596220224e-05batch: 32encoder n layers: 3decoder layers: 3",2026-01-07T21:20:55
2024_cluster_1,Monte_Santo_de_Minas,2024-12-31T00:00:00,1.5,1.4000348,6.66,validacao,V44,LSTM,"/media/marcos/Marcos/Codigos/Predicao_Cafe_Arabica/Teste_2_reuniao_16_dez_ajuste_seed/temp_models/trial_299
Modelo LSTM. Treino: 2012 a 2023. Validação: 2024. Teste: 2025.
Dataset: V44.
Obs: ajuste de seed

Hyperparams:
input_size: 11h: 1lr: 3.7492968596220224e-05batch: 32encoder n layers: 3decoder layers: 3",2026-01-07T21:20:55
2024_cluster_1,Muzambinho,2024-12-31T00:00:00,1.26,1.3153803,4.4,validacao,V44,LSTM,"/media/marcos/Marcos/Codigos/Predicao_Cafe_Arabica/Teste_2_reuniao_16_dez_ajuste_seed/temp_models/trial_299
Modelo LSTM. Treino: 2012 a 2023. Validação: 2024. Teste: 2025.
Dataset: V44.
Obs: ajuste de seed

Hyperparams:
input_size: 11h: 1lr: 3.7492968596220224e-05batch: 32encoder n layers: 3decoder layers: 3",2026-01-07T21:20:55
2024_cluster_1,Nova_Resende,2024-12-31T00:00:00,1.32,1.5657564,18.62,validacao,V44,LSTM,"/media/marcos/Marcos/Codigos/Predicao_Cafe_Arabica/Teste_2_reuniao_16_dez_ajuste_seed/temp_models/trial_299
Modelo LSTM. Treino: 2012 a 2023. Validação: 2024. Teste: 2025.
Dataset: V44.
Obs: ajuste de seed

Hyperparams:
input_size: 11h: 1lr: 3.7492968596220224e-05batch: 32encoder n layers: 3decoder layers: 3",2026-01-07T21:20:55
2024_cluster_1,Passos,2024-12-31T00:00:00,1.95459940652819,1.2975703,33.61,validacao,V44,LSTM,"/media/marcos/Marcos/Codigos/Predicao_Cafe_Arabica/Teste_2_reuniao_16_dez_ajuste_seed/temp_models/trial_299
Modelo LSTM. Treino: 2012 a 2023. Validação: 2024. Teste: 2025.
Dataset: V44.
Obs: ajuste de seed

Hyperparams:
input_size: 11h: 1lr: 3.7492968596220224e-05batch: 32encoder n layers: 3decoder layers: 3",2026-01-07T21:20:55
2024_cluster_1,Patis,2024-12-31T00:00:00,0.9,1.7324154,92.49,validacao,V44,LSTM,"/media/marcos/Marcos/Codigos/Predicao_Cafe_Arabica/Teste_2_reuniao_16_dez_ajuste_seed/temp_models/trial_299
Modelo LSTM. Treino: 2012 a 2023. Validação: 2024. Teste: 2025.
Dataset: V44.
Obs: ajuste de seed

Hyperparams:
input_size: 11h: 1lr: 3.7492968596220224e-05batch: 32encoder n layers: 3decoder layers: 3",2026-01-07T21:20:55
2024_cluster_1,Patos_de_Minas,2024-12-31T00:00:00,1.6624523160762943,1.7731415,6.66,validacao,V44,LSTM,"/media/marcos/Marcos/Codigos/Predicao_Cafe_Arabica/Teste_2_reuniao_16_dez_ajuste_seed/temp_models/trial_299
Modelo LSTM. Treino: 2012 a 2023. Validação: 2024. Teste: 2025.
Dataset: V44.
Obs: ajuste de seed

Hyperparams:
input_size: 11h: 1lr: 3.7492968596220224e-05batch: 32encoder n layers: 3decoder layers: 3",2026-01-07T21:20:55
2024_cluster_1,Patrocinio,2024-12-31T00:00:00,1.4995330375904743,1.5633651,4.26,validacao,V44,LSTM,"/media/marcos/Marcos/Codigos/Predicao_Cafe_Arabica/Teste_2_reuniao_16_dez_ajuste_seed/temp_models/trial_299
Modelo LSTM. Treino: 2012 a 2023. Validação: 2024. Teste: 2025.
Dataset: V44.
Obs: ajuste de seed

Hyperparams:
input_size: 11h: 1lr: 3.7492968596220224e-05batch: 32encoder n layers: 3decoder layers: 3",2026-01-07T21:20:55
2024_cluster_1,Pedrinopolis,2024-12-31T00:00:00,1.8511627906976742,1.5381695,16.91,validacao,V44,LSTM,"/media/marcos/Marcos/Codigos/Predicao_Cafe_Arabica/Teste_2_reuniao_16_dez_ajuste_seed/temp_models/trial_299
Modelo LSTM. Treino: 2012 a 2023. Validação: 2024. Teste: 2025.
Dataset: V44.
Obs: ajuste de seed

Hyperparams:
input_size: 11h: 1lr: 3.7492968596220224e-05batch: 32encoder n layers: 3decoder layers: 3",2026-01-07T21:20:55
2024_cluster_1,Perdizes,2024-12-31T00:00:00,1.142806076854334,1.6498553,44.37,validacao,V44,LSTM,"/media/marcos/Marcos/Codigos/Predicao_Cafe_Arabica/Teste_2_reuniao_16_dez_ajuste_seed/temp_models/trial_299
Modelo LSTM. Treino: 2012 a 2023. Validação: 2024. Teste: 2025.
Dataset: V44.
Obs: ajuste de seed

Hyperparams:
input_size: 11h: 1lr: 3.7492968596220224e-05batch: 32encoder n layers: 3decoder layers: 3",2026-01-07T21:20:55
2024_cluster_1,Piracema,2024-12-31T00:00:00,0.8,1.221071,52.63,validacao,V44,LSTM,"/media/marcos/Marcos/Codigos/Predicao_Cafe_Arabica/Teste_2_reuniao_16_dez_ajuste_seed/temp_models/trial_299
Modelo LSTM. Treino: 2012 a 2023. Validação: 2024. Teste: 2025.
Dataset: V44.
Obs: ajuste de seed

Hyperparams:
input_size: 11h: 1lr: 3.7492968596220224e-05batch: 32encoder n layers: 3decoder layers: 3",2026-01-07T21:20:55
2024_cluster_1,Ponto_dos_Volantes,2024-12-31T00:00:00,0.5,0.53895235,7.79,validacao,V44,LSTM,"/media/marcos/Marcos/Codigos/Predicao_Cafe_Arabica/Teste_2_reuniao_16_dez_ajuste_seed/temp_models/trial_299
Modelo LSTM. Treino: 2012 a 2023. Validação: 2024. Teste: 2025.
Dataset: V44.
Obs: ajuste de seed

Hyperparams:
input_size: 11h: 1lr: 3.7492968596220224e-05batch: 32encoder n layers: 3decoder layers: 3",2026-01-07T21:20:55
2024_cluster_1,Pratapolis,2024-12-31T00:00:00,1.1988636363636362,1.3661392,13.95,validacao,V44,LSTM,"/media/marcos/Marcos/Codigos/Predicao_Cafe_Arabica/Teste_2_reuniao_16_dez_ajuste_seed/temp_models/trial_299
Modelo LSTM. Treino: 2012 a 2023. Validação: 2024. Teste: 2025.
Dataset: V44.
Obs: ajuste de seed

Hyperparams:
input_size: 11h: 1lr: 3.7492968596220224e-05batch: 32encoder n layers: 3decoder layers: 3",2026-01-07T21:20:55
2024_cluster_1,Pratinha,2024-12-31T00:00:00,1.849285714285714,1.6505817,10.74,validacao,V44,LSTM,"/media/marcos/Marcos/Codigos/Predicao_Cafe_Arabica/Teste_2_reuniao_16_dez_ajuste_seed/temp_models/trial_299
Modelo LSTM. Treino: 2012 a 2023. Validação: 2024. Teste: 2025.
Dataset: V44.
Obs: ajuste de seed

Hyperparams:
input_size: 11h: 1lr: 3.7492968596220224e-05batch: 32encoder n layers: 3decoder layers: 3",2026-01-07T21:20:55
2024_cluster_1,Presidente_Kubitschek,2024-12-31T00:00:00,0.7368421052631579,0.9530026,29.34,validacao,V44,LSTM,"/media/marcos/Marcos/Codigos/Predicao_Cafe_Arabica/Teste_2_reuniao_16_dez_ajuste_seed/temp_models/trial_299
Modelo LSTM. Treino: 2012 a 2023. Validação: 2024. Teste: 2025.
Dataset: V44.
Obs: ajuste de seed

Hyperparams:
input_size: 11h: 1lr: 3.7492968596220224e-05batch: 32encoder n layers: 3decoder layers: 3",2026-01-07T21:20:55
2024_cluster_1,Presidente_Olegario,2024-12-31T00:00:00,1.9199630314232903,1.94452,1.28,validacao,V44,LSTM,"/media/marcos/Marcos/Codigos/Predicao_Cafe_Arabica/Teste_2_reuniao_16_dez_ajuste_seed/temp_models/trial_299
Modelo LSTM. Treino: 2012 a 2023. Validação: 2024. Teste: 2025.
Dataset: V44.
Obs: ajuste de seed

Hyperparams:
input_size: 11h: 1lr: 3.7492968596220224e-05batch: 32encoder n layers: 3decoder layers: 3",2026-01-07T21:20:55
2024_cluster_1,Quartel_Geral,2024-12-31T00:00:00,3.0,2.7125876,9.58,validacao,V44,LSTM,"/media/marcos/Marcos/Codigos/Predicao_Cafe_Arabica/Teste_2_reuniao_16_dez_ajuste_seed/temp_models/trial_299
Modelo LSTM. Treino: 2012 a 2023. Validação: 2024. Teste: 2025.
Dataset: V44.
Obs: ajuste de seed

Hyperparams:
input_size: 11h: 1lr: 3.7492968596220224e-05batch: 32encoder n layers: 3decoder layers: 3",2026-01-07T21:20:55
2024_cluster_1,Rio_Paranaiba,2024-12-31T00:00:00,1.680014776505357,1.4273621,15.04,validacao,V44,LSTM,"/media/marcos/Marcos/Codigos/Predicao_Cafe_Arabica/Teste_2_reuniao_16_dez_ajuste_seed/temp_models/trial_299
Modelo LSTM. Treino: 2012 a 2023. Validação: 2024. Teste: 2025.
Dataset: V44.
Obs: ajuste de seed

Hyperparams:
input_size: 11h: 1lr: 3.7492968596220224e-05batch: 32encoder n layers: 3decoder layers: 3",2026-01-07T21:20:55
2024_cluster_1,Rio_Vermelho,2024-12-31T00:00:00,0.9230769230769231,0.9473598,2.63,validacao,V44,LSTM,"/media/marcos/Marcos/Codigos/Predicao_Cafe_Arabica/Teste_2_reuniao_16_dez_ajuste_seed/temp_models/trial_299
Modelo LSTM. Treino: 2012 a 2023. Validação: 2024. Teste: 2025.
Dataset: V44.
Obs: ajuste de seed

Hyperparams:
input_size: 11h: 1lr: 3.7492968596220224e-05batch: 32encoder n layers: 3decoder layers: 3",2026-01-07T21:20:55
2024_cluster_1,Romaria,2024-12-31T00:00:00,2.052631578947369,1.9375728,5.61,validacao,V44,LSTM,"/media/marcos/Marcos/Codigos/Predicao_Cafe_Arabica/Teste_2_reuniao_16_dez_ajuste_seed/temp_models/trial_299
Modelo LSTM. Treino: 2012 a 2023. Validação: 2024. Teste: 2025.
Dataset: V44.
Obs: ajuste de seed

Hyperparams:
input_size: 11h: 1lr: 3.7492968596220224e-05batch: 32encoder n layers: 3decoder layers: 3",2026-01-07T21:20:55
2024_cluster_1,Sacramento,2024-12-31T00:00:00,1.7370212765957447,1.5130235,12.9,validacao,V44,LSTM,"/media/marcos/Marcos/Codigos/Predicao_Cafe_Arabica/Teste_2_reuniao_16_dez_ajuste_seed/temp_models/trial_299
Modelo LSTM. Treino: 2012 a 2023. Validação: 2024. Teste: 2025.
Dataset: V44.
Obs: ajuste de seed

Hyperparams:
input_size: 11h: 1lr: 3.7492968596220224e-05batch: 32encoder n layers: 3decoder layers: 3",2026-01-07T21:20:55
2024_cluster_1,Santa_Rosa_da_Serra,2024-12-31T00:00:00,1.92,1.6440024,14.37,validacao,V44,LSTM,"/media/marcos/Marcos/Codigos/Predicao_Cafe_Arabica/Teste_2_reuniao_16_dez_ajuste_seed/temp_models/trial_299
Modelo LSTM. Treino: 2012 a 2023. Validação: 2024. Teste: 2025.
Dataset: V44.
Obs: ajuste de seed

Hyperparams:
input_size: 11h: 1lr: 3.7492968596220224e-05batch: 32encoder n layers: 3decoder layers: 3",2026-01-07T21:20:55
2024_cluster_1,Santo_Antonio_do_Amparo,2024-12-31T00:00:00,1.68,1.5351467,8.62,validacao,V44,LSTM,"/media/marcos/Marcos/Codigos/Predicao_Cafe_Arabica/Teste_2_reuniao_16_dez_ajuste_seed/temp_models/trial_299
Modelo LSTM. Treino: 2012 a 2023. Validação: 2024. Teste: 2025.
Dataset: V44.
Obs: ajuste de seed

Hyperparams:
input_size: 11h: 1lr: 3.7492968596220224e-05batch: 32encoder n layers: 3decoder layers: 3",2026-01-07T21:20:55
2024_cluster_1,Sao_Goncalo_do_Abaete,2024-12-31T00:00:00,1.5,1.7627394,17.52,validacao,V44,LSTM,"/media/marcos/Marcos/Codigos/Predicao_Cafe_Arabica/Teste_2_reuniao_16_dez_ajuste_seed/temp_models/trial_299
Modelo LSTM. Treino: 2012 a 2023. Validação: 2024. Teste: 2025.
Dataset: V44.
Obs: ajuste de seed

Hyperparams:
input_size: 11h: 1lr: 3.7492968596220224e-05batch: 32encoder n layers: 3decoder layers: 3",2026-01-07T21:20:55
2024_cluster_1,Sao_Gotardo,2024-12-31T00:00:00,1.668148148148148,1.459585,12.5,validacao,V44,LSTM,"/media/marcos/Marcos/Codigos/Predicao_Cafe_Arabica/Teste_2_reuniao_16_dez_ajuste_seed/temp_models/trial_299
Modelo LSTM. Treino: 2012 a 2023. Validação: 2024. Teste: 2025.
Dataset: V44.
Obs: ajuste de seed

Hyperparams:
input_size: 11h: 1lr: 3.7492968596220224e-05batch: 32encoder n layers: 3decoder layers: 3",2026-01-07T21:20:55
2024_cluster_1,Sao_Joao_Batista_do_Gloria,2024-12-31T00:00:00,1.548387096774194,1.344528,13.17,validacao,V44,LSTM,"/media/marcos/Marcos/Codigos/Predicao_Cafe_Arabica/Teste_2_reuniao_16_dez_ajuste_seed/temp_models/trial_299
Modelo LSTM. Treino: 2012 a 2023. Validação: 2024. Teste: 2025.
Dataset: V44.
Obs: ajuste de seed

Hyperparams:
input_size: 11h: 1lr: 3.7492968596220224e-05batch: 32encoder n layers: 3decoder layers: 3",2026-01-07T21:20:55
2024_cluster_1,Sao_Pedro_da_Uniao,2024-12-31T00:00:00,2.04,1.4592237,28.47,validacao,V44,LSTM,"/media/marcos/Marcos/Codigos/Predicao_Cafe_Arabica/Teste_2_reuniao_16_dez_ajuste_seed/temp_models/trial_299
Modelo LSTM. Treino: 2012 a 2023. Validação: 2024. Teste: 2025.
Dataset: V44.
Obs: ajuste de seed

Hyperparams:
input_size: 11h: 1lr: 3.7492968596220224e-05batch: 32encoder n layers: 3decoder layers: 3",2026-01-07T21:20:55
2024_cluster_1,Sao_Sebastiao_do_Paraiso,2024-12-31T00:00:00,1.26,1.3986477,11.0,validacao,V44,LSTM,"/media/marcos/Marcos/Codigos/Predicao_Cafe_Arabica/Teste_2_reuniao_16_dez_ajuste_seed/temp_models/trial_299
Modelo LSTM. Treino: 2012 a 2023. Validação: 2024. Teste: 2025.
Dataset: V44.
Obs: ajuste de seed

Hyperparams:
input_size: 11h: 1lr: 3.7492968596220224e-05batch: 32encoder n layers: 3decoder layers: 3",2026-01-07T21:20:55
2024_cluster_1,Serra_do_Salitre,2024-12-31T00:00:00,1.5168750000000002,1.5512393,2.27,validacao,V44,LSTM,"/media/marcos/Marcos/Codigos/Predicao_Cafe_Arabica/Teste_2_reuniao_16_dez_ajuste_seed/temp_models/trial_299
Modelo LSTM. Treino: 2012 a 2023. Validação: 2024. Teste: 2025.
Dataset: V44.
Obs: ajuste de seed

Hyperparams:
input_size: 11h: 1lr: 3.7492968596220224e-05batch: 32encoder n layers: 3decoder layers: 3",2026-01-07T21:20:55
2024_cluster_1,Tapira,2024-12-31T00:00:00,1.9799999999999998,1.6244268,17.96,validacao,V44,LSTM,"/media/marcos/Marcos/Codigos/Predicao_Cafe_Arabica/Teste_2_reuniao_16_dez_ajuste_seed/temp_models/trial_299
Modelo LSTM. Treino: 2012 a 2023. Validação: 2024. Teste: 2025.
Dataset: V44.
Obs: ajuste de seed

Hyperparams:
input_size: 11h: 1lr: 3.7492968596220224e-05batch: 32encoder n layers: 3decoder layers: 3",2026-01-07T21:20:55
2024_cluster_1,Tiros,2024-12-31T00:00:00,1.9499999999999997,1.5686473,19.56,validacao,V44,LSTM,"/media/marcos/Marcos/Codigos/Predicao_Cafe_Arabica/Teste_2_reuniao_16_dez_ajuste_seed/temp_models/trial_299
Modelo LSTM. Treino: 2012 a 2023. Validação: 2024. Teste: 2025.
Dataset: V44.
Obs: ajuste de seed

Hyperparams:
input_size: 11h: 1lr: 3.7492968596220224e-05batch: 32encoder n layers: 3decoder layers: 3",2026-01-07T21:20:55
2024_cluster_1,Tupaciguara,2024-12-31T00:00:00,2.8219895287958106,2.1694932,23.12,validacao,V44,LSTM,"/media/marcos/Marcos/Codigos/Predicao_Cafe_Arabica/Teste_2_reuniao_16_dez_ajuste_seed/temp_models/trial_299
Modelo LSTM. Treino: 2012 a 2023. Validação: 2024. Teste: 2025.
Dataset: V44.
Obs: ajuste de seed

Hyperparams:
input_size: 11h: 1lr: 3.7492968596220224e-05batch: 32encoder n layers: 3decoder layers: 3",2026-01-07T21:20:55
2024_cluster_1,Uberaba,2024-12-31T00:00:00,2.102941176470588,1.945483,7.49,validacao,V44,LSTM,"/media/marcos/Marcos/Codigos/Predicao_Cafe_Arabica/Teste_2_reuniao_16_dez_ajuste_seed/temp_models/trial_299
Modelo LSTM. Treino: 2012 a 2023. Validação: 2024. Teste: 2025.
Dataset: V44.
Obs: ajuste de seed

Hyperparams:
input_size: 11h: 1lr: 3.7492968596220224e-05batch: 32encoder n layers: 3decoder layers: 3",2026-01-07T21:20:55
2024_cluster_1,Uberlandia,2024-12-31T00:00:00,1.9195652173913038,1.7552018,8.56,validacao,V44,LSTM,"/media/marcos/Marcos/Codigos/Predicao_Cafe_Arabica/Teste_2_reuniao_16_dez_ajuste_seed/temp_models/trial_299
Modelo LSTM. Treino: 2012 a 2023. Validação: 2024. Teste: 2025.
Dataset: V44.
Obs: ajuste de seed

Hyperparams:
input_size: 11h: 1lr: 3.7492968596220224e-05batch: 32encoder n layers: 3decoder layers: 3",2026-01-07T21:20:55
2024_cluster_1,Unai,2024-12-31T00:00:00,2.2801061007957566,2.6526456,16.34,validacao,V44,LSTM,"/media/marcos/Marcos/Codigos/Predicao_Cafe_Arabica/Teste_2_reuniao_16_dez_ajuste_seed/temp_models/trial_299
Modelo LSTM. Treino: 2012 a 2023. Validação: 2024. Teste: 2025.
Dataset: V44.
Obs: ajuste de seed

Hyperparams:
input_size: 11h: 1lr: 3.7492968596220224e-05batch: 32encoder n layers: 3decoder layers: 3",2026-01-07T21:20:55
2024_cluster_1,Varginha,2024-12-31T00:00:00,1.3799999999999997,1.256644,8.94,validacao,V44,LSTM,"/media/marcos/Marcos/Codigos/Predicao_Cafe_Arabica/Teste_2_reuniao_16_dez_ajuste_seed/temp_models/trial_299
Modelo LSTM. Treino: 2012 a 2023. Validação: 2024. Teste: 2025.
Dataset: V44.
Obs: ajuste de seed

Hyperparams:
input_size: 11h: 1lr: 3.7492968596220224e-05batch: 32encoder n layers: 3decoder layers: 3",2026-01-07T21:20:55
2024_cluster_1,Varjao_de_Minas,2024-12-31T00:00:00,2.6876337184424486,2.3458045,12.72,validacao,V44,LSTM,"/media/marcos/Marcos/Codigos/Predicao_Cafe_Arabica/Teste_2_reuniao_16_dez_ajuste_seed/temp_models/trial_299
Modelo LSTM. Treino: 2012 a 2023. Validação: 2024. Teste: 2025.
Dataset: V44.
Obs: ajuste de seed

Hyperparams:
input_size: 11h: 1lr: 3.7492968596220224e-05batch: 32encoder n layers: 3decoder layers: 3",2026-01-07T21:20:55
2024_cluster_1,Virginopolis,2024-12-31T00:00:00,1.325,1.2933906,2.39,validacao,V44,LSTM,"/media/marcos/Marcos/Codigos/Predicao_Cafe_Arabica/Teste_2_reuniao_16_dez_ajuste_seed/temp_models/trial_299
Modelo LSTM. Treino: 2012 a 2023. Validação: 2024. Teste: 2025.
Dataset: V44.
Obs: ajuste de seed

Hyperparams:
input_size: 11h: 1lr: 3.7492968596220224e-05batch: 32encoder n layers: 3decoder layers: 3",2026-01-07T21:20:55
2024_cluster_1,Almenara,2025-12-31T00:00:00,0.0,0.7941543,,teste,V44,LSTM,"/media/marcos/Marcos/Codigos/Predicao_Cafe_Arabica/Teste_2_reuniao_16_dez_ajuste_seed/temp_models/trial_299
Modelo LSTM. Treino: 2012 a 2023. Validação: 2024. Teste: 2025.
Dataset: V44.
Obs: ajuste de seed

Hyperparams:
input_size: 11h: 1lr: 3.7492968596220224e-05batch: 32encoder n layers: 3decoder layers: 3",2026-01-07T21:20:55
2024_cluster_1,Alpinopolis,2025-12-31T00:00:00,0.0,1.9336975,,teste,V44,LSTM,"/media/marcos/Marcos/Codigos/Predicao_Cafe_Arabica/Teste_2_reuniao_16_dez_ajuste_seed/temp_models/trial_299
Modelo LSTM. Treino: 2012 a 2023. Validação: 2024. Teste: 2025.
Dataset: V44.
Obs: ajuste de seed

Hyperparams:
input_size: 11h: 1lr: 3.7492968596220224e-05batch: 32encoder n layers: 3decoder layers: 3",2026-01-07T21:20:55
2024_cluster_1,Alterosa,2025-12-31T00:00:00,0.0,1.457225,,teste,V44,LSTM,"/media/marcos/Marcos/Codigos/Predicao_Cafe_Arabica/Teste_2_reuniao_16_dez_ajuste_seed/temp_models/trial_299
Modelo LSTM. Treino: 2012 a 2023. Validação: 2024. Teste: 2025.
Dataset: V44.
Obs: ajuste de seed

Hyperparams:
input_size: 11h: 1lr: 3.7492968596220224e-05batch: 32encoder n layers: 3decoder layers: 3",2026-01-07T21:20:55
2024_cluster_1,Andradas,2025-12-31T00:00:00,0.0,1.2813878,,teste,V44,LSTM,"/media/marcos/Marcos/Codigos/Predicao_Cafe_Arabica/Teste_2_reuniao_16_dez_ajuste_seed/temp_models/trial_299
Modelo LSTM. Treino: 2012 a 2023. Validação: 2024. Teste: 2025.
Dataset: V44.
Obs: ajuste de seed

Hyperparams:
input_size: 11h: 1lr: 3.7492968596220224e-05batch: 32encoder n layers: 3decoder layers: 3",2026-01-07T21:20:55
2024_cluster_1,Araguari,2025-12-31T00:00:00,0.0,2.063424,,teste,V44,LSTM,"/media/marcos/Marcos/Codigos/Predicao_Cafe_Arabica/Teste_2_reuniao_16_dez_ajuste_seed/temp_models/trial_299
Modelo LSTM. Treino: 2012 a 2023. Validação: 2024. Teste: 2025.
Dataset: V44.
Obs: ajuste de seed

Hyperparams:
input_size: 11h: 1lr: 3.7492968596220224e-05batch: 32encoder n layers: 3decoder layers: 3",2026-01-07T21:20:55
2024_cluster_1,Arapua,2025-12-31T00:00:00,0.0,1.2548752,,teste,V44,LSTM,"/media/marcos/Marcos/Codigos/Predicao_Cafe_Arabica/Teste_2_reuniao_16_dez_ajuste_seed/temp_models/trial_299
Modelo LSTM. Treino: 2012 a 2023. Validação: 2024. Teste: 2025.
Dataset: V44.
Obs: ajuste de seed

Hyperparams:
input_size: 11h: 1lr: 3.7492968596220224e-05batch: 32encoder n layers: 3decoder layers: 3",2026-01-07T21:20:55
2024_cluster_1,Araxa,2025-12-31T00:00:00,0.0,1.5973146,,teste,V44,LSTM,"/media/marcos/Marcos/Codigos/Predicao_Cafe_Arabica/Teste_2_reuniao_16_dez_ajuste_seed/temp_models/trial_299
Modelo LSTM. Treino: 2012 a 2023. Validação: 2024. Teste: 2025.
Dataset: V44.
Obs: ajuste de seed

Hyperparams:
input_size: 11h: 1lr: 3.7492968596220224e-05batch: 32encoder n layers: 3decoder layers: 3",2026-01-07T21:20:55
2024_cluster_1,Arceburgo,2025-12-31T00:00:00,0.0,1.4306041,,teste,V44,LSTM,"/media/marcos/Marcos/Codigos/Predicao_Cafe_Arabica/Teste_2_reuniao_16_dez_ajuste_seed/temp_models/trial_299
Modelo LSTM. Treino: 2012 a 2023. Validação: 2024. Teste: 2025.
Dataset: V44.
Obs: ajuste de seed

Hyperparams:
input_size: 11h: 1lr: 3.7492968596220224e-05batch: 32encoder n layers: 3decoder layers: 3",2026-01-07T21:20:55
2024_cluster_1,Areado,2025-12-31T00:00:00,0.0,1.5574062,,teste,V44,LSTM,"/media/marcos/Marcos/Codigos/Predicao_Cafe_Arabica/Teste_2_reuniao_16_dez_ajuste_seed/temp_models/trial_299
Modelo LSTM. Treino: 2012 a 2023. Validação: 2024. Teste: 2025.
Dataset: V44.
Obs: ajuste de seed

Hyperparams:
input_size: 11h: 1lr: 3.7492968596220224e-05batch: 32encoder n layers: 3decoder layers: 3",2026-01-07T21:20:55
2024_cluster_1,Bom_Jesus_da_Penha,2025-12-31T00:00:00,0.0,1.689116,,teste,V44,LSTM,"/media/marcos/Marcos/Codigos/Predicao_Cafe_Arabica/Teste_2_reuniao_16_dez_ajuste_seed/temp_models/trial_299
Modelo LSTM. Treino: 2012 a 2023. Validação: 2024. Teste: 2025.
Dataset: V44.
Obs: ajuste de seed

Hyperparams:
input_size: 11h: 1lr: 3.7492968596220224e-05batch: 32encoder n layers: 3decoder layers: 3",2026-01-07T21:20:55
2024_cluster_1,Botelhos,2025-12-31T00:00:00,0.0,1.2760093,,teste,V44,LSTM,"/media/marcos/Marcos/Codigos/Predicao_Cafe_Arabica/Teste_2_reuniao_16_dez_ajuste_seed/temp_models/trial_299
Modelo LSTM. Treino: 2012 a 2023. Validação: 2024. Teste: 2025.
Dataset: V44.
Obs: ajuste de seed

Hyperparams:
input_size: 11h: 1lr: 3.7492968596220224e-05batch: 32encoder n layers: 3decoder layers: 3",2026-01-07T21:20:55
2024_cluster_1,Botumirim,2025-12-31T00:00:00,0.0,0.63505656,,teste,V44,LSTM,"/media/marcos/Marcos/Codigos/Predicao_Cafe_Arabica/Teste_2_reuniao_16_dez_ajuste_seed/temp_models/trial_299
Modelo LSTM. Treino: 2012 a 2023. Validação: 2024. Teste: 2025.
Dataset: V44.
Obs: ajuste de seed

Hyperparams:
input_size: 11h: 1lr: 3.7492968596220224e-05batch: 32encoder n layers: 3decoder layers: 3",2026-01-07T21:20:55
2024_cluster_1,Cabo_Verde,2025-12-31T00:00:00,0.0,1.5275114,,teste,V44,LSTM,"/media/marcos/Marcos/Codigos/Predicao_Cafe_Arabica/Teste_2_reuniao_16_dez_ajuste_seed/temp_models/trial_299
Modelo LSTM. Treino: 2012 a 2023. Validação: 2024. Teste: 2025.
Dataset: V44.
Obs: ajuste de seed

Hyperparams:
input_size: 11h: 1lr: 3.7492968596220224e-05batch: 32encoder n layers: 3decoder layers: 3",2026-01-07T21:20:55
2024_cluster_1,Campestre,2025-12-31T00:00:00,0.0,1.4418722,,teste,V44,LSTM,"/media/marcos/Marcos/Codigos/Predicao_Cafe_Arabica/Teste_2_reuniao_16_dez_ajuste_seed/temp_models/trial_299
Modelo LSTM. Treino: 2012 a 2023. Validação: 2024. Teste: 2025.
Dataset: V44.
Obs: ajuste de seed

Hyperparams:
input_size: 11h: 1lr: 3.7492968596220224e-05batch: 32encoder n layers: 3decoder layers: 3",2026-01-07T21:20:55
2024_cluster_1,Capetinga,2025-12-31T00:00:00,0.0,1.6658511,,teste,V44,LSTM,"/media/marcos/Marcos/Codigos/Predicao_Cafe_Arabica/Teste_2_reuniao_16_dez_ajuste_seed/temp_models/trial_299
Modelo LSTM. Treino: 2012 a 2023. Validação: 2024. Teste: 2025.
Dataset: V44.
Obs: ajuste de seed

Hyperparams:
input_size: 11h: 1lr: 3.7492968596220224e-05batch: 32encoder n layers: 3decoder layers: 3",2026-01-07T21:20:55
2024_cluster_1,Carmo_do_Paranaiba,2025-12-31T00:00:00,0.0,1.8252844,,teste,V44,LSTM,"/media/marcos/Marcos/Codigos/Predicao_Cafe_Arabica/Teste_2_reuniao_16_dez_ajuste_seed/temp_models/trial_299
Modelo LSTM. Treino: 2012 a 2023. Validação: 2024. Teste: 2025.
Dataset: V44.
Obs: ajuste de seed

Hyperparams:
input_size: 11h: 1lr: 3.7492968596220224e-05batch: 32encoder n layers: 3decoder layers: 3",2026-01-07T21:20:55
2024_cluster_1,Cascalho_Rico,2025-12-31T00:00:00,0.0,2.079405,,teste,V44,LSTM,"/media/marcos/Marcos/Codigos/Predicao_Cafe_Arabica/Teste_2_reuniao_16_dez_ajuste_seed/temp_models/trial_299
Modelo LSTM. Treino: 2012 a 2023. Validação: 2024. Teste: 2025.
Dataset: V44.
Obs: ajuste de seed

Hyperparams:
input_size: 11h: 1lr: 3.7492968596220224e-05batch: 32encoder n layers: 3decoder layers: 3",2026-01-07T21:20:55
2024_cluster_1,Claraval,2025-12-31T00:00:00,0.0,1.6848694,,teste,V44,LSTM,"/media/marcos/Marcos/Codigos/Predicao_Cafe_Arabica/Teste_2_reuniao_16_dez_ajuste_seed/temp_models/trial_299
Modelo LSTM. Treino: 2012 a 2023. Validação: 2024. Teste: 2025.
Dataset: V44.
Obs: ajuste de seed

Hyperparams:
input_size: 11h: 1lr: 3.7492968596220224e-05batch: 32encoder n layers: 3decoder layers: 3",2026-01-07T21:20:55
2024_cluster_1,Conceicao_da_Aparecida,2025-12-31T00:00:00,0.0,1.8838907,,teste,V44,LSTM,"/media/marcos/Marcos/Codigos/Predicao_Cafe_Arabica/Teste_2_reuniao_16_dez_ajuste_seed/temp_models/trial_299
Modelo LSTM. Treino: 2012 a 2023. Validação: 2024. Teste: 2025.
Dataset: V44.
Obs: ajuste de seed

Hyperparams:
input_size: 11h: 1lr: 3.7492968596220224e-05batch: 32encoder n layers: 3decoder layers: 3",2026-01-07T21:20:55
2024_cluster_1,Coromandel,2025-12-31T00:00:00,0.0,1.7571929,,teste,V44,LSTM,"/media/marcos/Marcos/Codigos/Predicao_Cafe_Arabica/Teste_2_reuniao_16_dez_ajuste_seed/temp_models/trial_299
Modelo LSTM. Treino: 2012 a 2023. Validação: 2024. Teste: 2025.
Dataset: V44.
Obs: ajuste de seed

Hyperparams:
input_size: 11h: 1lr: 3.7492968596220224e-05batch: 32encoder n layers: 3decoder layers: 3",2026-01-07T21:20:55
2024_cluster_1,Corrego_Fundo,2025-12-31T00:00:00,0.0,1.5366075,,teste,V44,LSTM,"/media/marcos/Marcos/Codigos/Predicao_Cafe_Arabica/Teste_2_reuniao_16_dez_ajuste_seed/temp_models/trial_299
Modelo LSTM. Treino: 2012 a 2023. Validação: 2024. Teste: 2025.
Dataset: V44.
Obs: ajuste de seed

Hyperparams:
input_size: 11h: 1lr: 3.7492968596220224e-05batch: 32encoder n layers: 3decoder layers: 3",2026-01-07T21:20:55
2024_cluster_1,Cruzeiro_da_Fortaleza,2025-12-31T00:00:00,0.0,1.7957855,,teste,V44,LSTM,"/media/marcos/Marcos/Codigos/Predicao_Cafe_Arabica/Teste_2_reuniao_16_dez_ajuste_seed/temp_models/trial_299
Modelo LSTM. Treino: 2012 a 2023. Validação: 2024. Teste: 2025.
Dataset: V44.
Obs: ajuste de seed

Hyperparams:
input_size: 11h: 1lr: 3.7492968596220224e-05batch: 32encoder n layers: 3decoder layers: 3",2026-01-07T21:20:55
2024_cluster_1,Delfinopolis,2025-12-31T00:00:00,0.0,1.427151,,teste,V44,LSTM,"/media/marcos/Marcos/Codigos/Predicao_Cafe_Arabica/Teste_2_reuniao_16_dez_ajuste_seed/temp_models/trial_299
Modelo LSTM. Treino: 2012 a 2023. Validação: 2024. Teste: 2025.
Dataset: V44.
Obs: ajuste de seed

Hyperparams:
input_size: 11h: 1lr: 3.7492968596220224e-05batch: 32encoder n layers: 3decoder layers: 3",2026-01-07T21:20:55
2024_cluster_1,Divisa_Nova,2025-12-31T00:00:00,0.0,1.5322735,,teste,V44,LSTM,"/media/marcos/Marcos/Codigos/Predicao_Cafe_Arabica/Teste_2_reuniao_16_dez_ajuste_seed/temp_models/trial_299
Modelo LSTM. Treino: 2012 a 2023. Validação: 2024. Teste: 2025.
Dataset: V44.
Obs: ajuste de seed

Hyperparams:
input_size: 11h: 1lr: 3.7492968596220224e-05batch: 32encoder n layers: 3decoder layers: 3",2026-01-07T21:20:55
2024_cluster_1,Dom_Cavati,2025-12-31T00:00:00,0.0,0.6681415,,teste,V44,LSTM,"/media/marcos/Marcos/Codigos/Predicao_Cafe_Arabica/Teste_2_reuniao_16_dez_ajuste_seed/temp_models/trial_299
Modelo LSTM. Treino: 2012 a 2023. Validação: 2024. Teste: 2025.
Dataset: V44.
Obs: ajuste de seed

Hyperparams:
input_size: 11h: 1lr: 3.7492968596220224e-05batch: 32encoder n layers: 3decoder layers: 3",2026-01-07T21:20:55
2024_cluster_1,Dores_do_Turvo,2025-12-31T00:00:00,0.0,1.1855631,,teste,V44,LSTM,"/media/marcos/Marcos/Codigos/Predicao_Cafe_Arabica/Teste_2_reuniao_16_dez_ajuste_seed/temp_models/trial_299
Modelo LSTM. Treino: 2012 a 2023. Validação: 2024. Teste: 2025.
Dataset: V44.
Obs: ajuste de seed

Hyperparams:
input_size: 11h: 1lr: 3.7492968596220224e-05batch: 32encoder n layers: 3decoder layers: 3",2026-01-07T21:20:55
2024_cluster_1,Estrela_do_Indaia,2025-12-31T00:00:00,0.0,1.6305541,,teste,V44,LSTM,"/media/marcos/Marcos/Codigos/Predicao_Cafe_Arabica/Teste_2_reuniao_16_dez_ajuste_seed/temp_models/trial_299
Modelo LSTM. Treino: 2012 a 2023. Validação: 2024. Teste: 2025.
Dataset: V44.
Obs: ajuste de seed

Hyperparams:
input_size: 11h: 1lr: 3.7492968596220224e-05batch: 32encoder n layers: 3decoder layers: 3",2026-01-07T21:20:55
2024_cluster_1,Estrela_do_Sul,2025-12-31T00:00:00,0.0,1.8001773,,teste,V44,LSTM,"/media/marcos/Marcos/Codigos/Predicao_Cafe_Arabica/Teste_2_reuniao_16_dez_ajuste_seed/temp_models/trial_299
Modelo LSTM. Treino: 2012 a 2023. Validação: 2024. Teste: 2025.
Dataset: V44.
Obs: ajuste de seed

Hyperparams:
input_size: 11h: 1lr: 3.7492968596220224e-05batch: 32encoder n layers: 3decoder layers: 3",2026-01-07T21:20:55
2024_cluster_1,Guaranesia,2025-12-31T00:00:00,0.0,1.313937,,teste,V44,LSTM,"/media/marcos/Marcos/Codigos/Predicao_Cafe_Arabica/Teste_2_reuniao_16_dez_ajuste_seed/temp_models/trial_299
Modelo LSTM. Treino: 2012 a 2023. Validação: 2024. Teste: 2025.
Dataset: V44.
Obs: ajuste de seed

Hyperparams:
input_size: 11h: 1lr: 3.7492968596220224e-05batch: 32encoder n layers: 3decoder layers: 3",2026-01-07T21:20:55
2024_cluster_1,Guarani,2025-12-31T00:00:00,0.0,1.2615511,,teste,V44,LSTM,"/media/marcos/Marcos/Codigos/Predicao_Cafe_Arabica/Teste_2_reuniao_16_dez_ajuste_seed/temp_models/trial_299
Modelo LSTM. Treino: 2012 a 2023. Validação: 2024. Teste: 2025.
Dataset: V44.
Obs: ajuste de seed

Hyperparams:
input_size: 11h: 1lr: 3.7492968596220224e-05batch: 32encoder n layers: 3decoder layers: 3",2026-01-07T21:20:55
2024_cluster_1,Guarda-Mor,2025-12-31T00:00:00,0.0,1.912368,,teste,V44,LSTM,"/media/marcos/Marcos/Codigos/Predicao_Cafe_Arabica/Teste_2_reuniao_16_dez_ajuste_seed/temp_models/trial_299
Modelo LSTM. Treino: 2012 a 2023. Validação: 2024. Teste: 2025.
Dataset: V44.
Obs: ajuste de seed

Hyperparams:
input_size: 11h: 1lr: 3.7492968596220224e-05batch: 32encoder n layers: 3decoder layers: 3",2026-01-07T21:20:55
2024_cluster_1,Guaxupe,2025-12-31T00:00:00,0.0,1.3219845,,teste,V44,LSTM,"/media/marcos/Marcos/Codigos/Predicao_Cafe_Arabica/Teste_2_reuniao_16_dez_ajuste_seed/temp_models/trial_299
Modelo LSTM. Treino: 2012 a 2023. Validação: 2024. Teste: 2025.
Dataset: V44.
Obs: ajuste de seed

Hyperparams:
input_size: 11h: 1lr: 3.7492968596220224e-05batch: 32encoder n layers: 3decoder layers: 3",2026-01-07T21:20:55
2024_cluster_1,Guimarania,2025-12-31T00:00:00,0.0,1.6267495,,teste,V44,LSTM,"/media/marcos/Marcos/Codigos/Predicao_Cafe_Arabica/Teste_2_reuniao_16_dez_ajuste_seed/temp_models/trial_299
Modelo LSTM. Treino: 2012 a 2023. Validação: 2024. Teste: 2025.
Dataset: V44.
Obs: ajuste de seed

Hyperparams:
input_size: 11h: 1lr: 3.7492968596220224e-05batch: 32encoder n layers: 3decoder layers: 3",2026-01-07T21:20:55
2024_cluster_1,Ibia,2025-12-31T00:00:00,0.0,1.5179487,,teste,V44,LSTM,"/media/marcos/Marcos/Codigos/Predicao_Cafe_Arabica/Teste_2_reuniao_16_dez_ajuste_seed/temp_models/trial_299
Modelo LSTM. Treino: 2012 a 2023. Validação: 2024. Teste: 2025.
Dataset: V44.
Obs: ajuste de seed

Hyperparams:
input_size: 11h: 1lr: 3.7492968596220224e-05batch: 32encoder n layers: 3decoder layers: 3",2026-01-07T21:20:55
2024_cluster_1,Ibiraci,2025-12-31T00:00:00,0.0,1.7011988,,teste,V44,LSTM,"/media/marcos/Marcos/Codigos/Predicao_Cafe_Arabica/Teste_2_reuniao_16_dez_ajuste_seed/temp_models/trial_299
Modelo LSTM. Treino: 2012 a 2023. Validação: 2024. Teste: 2025.
Dataset: V44.
Obs: ajuste de seed

Hyperparams:
input_size: 11h: 1lr: 3.7492968596220224e-05batch: 32encoder n layers: 3decoder layers: 3",2026-01-07T21:20:55
2024_cluster_1,Indianopolis,2025-12-31T00:00:00,0.0,2.0191903,,teste,V44,LSTM,"/media/marcos/Marcos/Codigos/Predicao_Cafe_Arabica/Teste_2_reuniao_16_dez_ajuste_seed/temp_models/trial_299
Modelo LSTM. Treino: 2012 a 2023. Validação: 2024. Teste: 2025.
Dataset: V44.
Obs: ajuste de seed

Hyperparams:
input_size: 11h: 1lr: 3.7492968596220224e-05batch: 32encoder n layers: 3decoder layers: 3",2026-01-07T21:20:55
2024_cluster_1,Itamogi,2025-12-31T00:00:00,0.0,1.5911975,,teste,V44,LSTM,"/media/marcos/Marcos/Codigos/Predicao_Cafe_Arabica/Teste_2_reuniao_16_dez_ajuste_seed/temp_models/trial_299
Modelo LSTM. Treino: 2012 a 2023. Validação: 2024. Teste: 2025.
Dataset: V44.
Obs: ajuste de seed

Hyperparams:
input_size: 11h: 1lr: 3.7492968596220224e-05batch: 32encoder n layers: 3decoder layers: 3",2026-01-07T21:20:55
2024_cluster_1,Itanhomi,2025-12-31T00:00:00,0.0,1.0064442,,teste,V44,LSTM,"/media/marcos/Marcos/Codigos/Predicao_Cafe_Arabica/Teste_2_reuniao_16_dez_ajuste_seed/temp_models/trial_299
Modelo LSTM. Treino: 2012 a 2023. Validação: 2024. Teste: 2025.
Dataset: V44.
Obs: ajuste de seed

Hyperparams:
input_size: 11h: 1lr: 3.7492968596220224e-05batch: 32encoder n layers: 3decoder layers: 3",2026-01-07T21:20:55
2024_cluster_1,Jacui,2025-12-31T00:00:00,0.0,1.36109,,teste,V44,LSTM,"/media/marcos/Marcos/Codigos/Predicao_Cafe_Arabica/Teste_2_reuniao_16_dez_ajuste_seed/temp_models/trial_299
Modelo LSTM. Treino: 2012 a 2023. Validação: 2024. Teste: 2025.
Dataset: V44.
Obs: ajuste de seed

Hyperparams:
input_size: 11h: 1lr: 3.7492968596220224e-05batch: 32encoder n layers: 3decoder layers: 3",2026-01-07T21:20:55
2024_cluster_1,Jacutinga,2025-12-31T00:00:00,0.0,1.2921697,,teste,V44,LSTM,"/media/marcos/Marcos/Codigos/Predicao_Cafe_Arabica/Teste_2_reuniao_16_dez_ajuste_seed/temp_models/trial_299
Modelo LSTM. Treino: 2012 a 2023. Validação: 2024. Teste: 2025.
Dataset: V44.
Obs: ajuste de seed

Hyperparams:
input_size: 11h: 1lr: 3.7492968596220224e-05batch: 32encoder n layers: 3decoder layers: 3",2026-01-07T21:20:55
2024_cluster_1,Juruaia,2025-12-31T00:00:00,0.0,1.6145918,,teste,V44,LSTM,"/media/marcos/Marcos/Codigos/Predicao_Cafe_Arabica/Teste_2_reuniao_16_dez_ajuste_seed/temp_models/trial_299
Modelo LSTM. Treino: 2012 a 2023. Validação: 2024. Teste: 2025.
Dataset: V44.
Obs: ajuste de seed

Hyperparams:
input_size: 11h: 1lr: 3.7492968596220224e-05batch: 32encoder n layers: 3decoder layers: 3",2026-01-07T21:20:55
2024_cluster_1,Lagoa_Dourada,2025-12-31T00:00:00,0.0,1.7535827,,teste,V44,LSTM,"/media/marcos/Marcos/Codigos/Predicao_Cafe_Arabica/Teste_2_reuniao_16_dez_ajuste_seed/temp_models/trial_299
Modelo LSTM. Treino: 2012 a 2023. Validação: 2024. Teste: 2025.
Dataset: V44.
Obs: ajuste de seed

Hyperparams:
input_size: 11h: 1lr: 3.7492968596220224e-05batch: 32encoder n layers: 3decoder layers: 3",2026-01-07T21:20:55
2024_cluster_1,Lagoa_Formosa,2025-12-31T00:00:00,0.0,1.975432,,teste,V44,LSTM,"/media/marcos/Marcos/Codigos/Predicao_Cafe_Arabica/Teste_2_reuniao_16_dez_ajuste_seed/temp_models/trial_299
Modelo LSTM. Treino: 2012 a 2023. Validação: 2024. Teste: 2025.
Dataset: V44.
Obs: ajuste de seed

Hyperparams:
input_size: 11h: 1lr: 3.7492968596220224e-05batch: 32encoder n layers: 3decoder layers: 3",2026-01-07T21:20:55
2024_cluster_1,Lagoa_Grande,2025-12-31T00:00:00,0.0,1.6720626,,teste,V44,LSTM,"/media/marcos/Marcos/Codigos/Predicao_Cafe_Arabica/Teste_2_reuniao_16_dez_ajuste_seed/temp_models/trial_299
Modelo LSTM. Treino: 2012 a 2023. Validação: 2024. Teste: 2025.
Dataset: V44.
Obs: ajuste de seed

Hyperparams:
input_size: 11h: 1lr: 3.7492968596220224e-05batch: 32encoder n layers: 3decoder layers: 3",2026-01-07T21:20:55
2024_cluster_1,Matutina,2025-12-31T00:00:00,0.0,1.5957552,,teste,V44,LSTM,"/media/marcos/Marcos/Codigos/Predicao_Cafe_Arabica/Teste_2_reuniao_16_dez_ajuste_seed/temp_models/trial_299
Modelo LSTM. Treino: 2012 a 2023. Validação: 2024. Teste: 2025.
Dataset: V44.
Obs: ajuste de seed

Hyperparams:
input_size: 11h: 1lr: 3.7492968596220224e-05batch: 32encoder n layers: 3decoder layers: 3",2026-01-07T21:20:55
2024_cluster_1,Monte_Belo,2025-12-31T00:00:00,0.0,1.4818571,,teste,V44,LSTM,"/media/marcos/Marcos/Codigos/Predicao_Cafe_Arabica/Teste_2_reuniao_16_dez_ajuste_seed/temp_models/trial_299
Modelo LSTM. Treino: 2012 a 2023. Validação: 2024. Teste: 2025.
Dataset: V44.
Obs: ajuste de seed

Hyperparams:
input_size: 11h: 1lr: 3.7492968596220224e-05batch: 32encoder n layers: 3decoder layers: 3",2026-01-07T21:20:55
2024_cluster_1,Monte_Carmelo,2025-12-31T00:00:00,0.0,1.9153891,,teste,V44,LSTM,"/media/marcos/Marcos/Codigos/Predicao_Cafe_Arabica/Teste_2_reuniao_16_dez_ajuste_seed/temp_models/trial_299
Modelo LSTM. Treino: 2012 a 2023. Validação: 2024. Teste: 2025.
Dataset: V44.
Obs: ajuste de seed

Hyperparams:
input_size: 11h: 1lr: 3.7492968596220224e-05batch: 32encoder n layers: 3decoder layers: 3",2026-01-07T21:20:55
2024_cluster_1,Monte_Santo_de_Minas,2025-12-31T00:00:00,0.0,1.500171,,teste,V44,LSTM,"/media/marcos/Marcos/Codigos/Predicao_Cafe_Arabica/Teste_2_reuniao_16_dez_ajuste_seed/temp_models/trial_299
Modelo LSTM. Treino: 2012 a 2023. Validação: 2024. Teste: 2025.
Dataset: V44.
Obs: ajuste de seed

Hyperparams:
input_size: 11h: 1lr: 3.7492968596220224e-05batch: 32encoder n layers: 3decoder layers: 3",2026-01-07T21:20:55
2024_cluster_1,Muzambinho,2025-12-31T00:00:00,0.0,1.4546701,,teste,V44,LSTM,"/media/marcos/Marcos/Codigos/Predicao_Cafe_Arabica/Teste_2_reuniao_16_dez_ajuste_seed/temp_models/trial_299
Modelo LSTM. Treino: 2012 a 2023. Validação: 2024. Teste: 2025.
Dataset: V44.
Obs: ajuste de seed

Hyperparams:
input_size: 11h: 1lr: 3.7492968596220224e-05batch: 32encoder n layers: 3decoder layers: 3",2026-01-07T21:20:55
2024_cluster_1,Nova_Resende,2025-12-31T00:00:00,0.0,1.6993415,,teste,V44,LSTM,"/media/marcos/Marcos/Codigos/Predicao_Cafe_Arabica/Teste_2_reuniao_16_dez_ajuste_seed/temp_models/trial_299
Modelo LSTM. Treino: 2012 a 2023. Validação: 2024. Teste: 2025.
Dataset: V44.
Obs: ajuste de seed

Hyperparams:
input_size: 11h: 1lr: 3.7492968596220224e-05batch: 32encoder n layers: 3decoder layers: 3",2026-01-07T21:20:55
2024_cluster_1,Passos,2025-12-31T00:00:00,0.0,1.5082157,,teste,V44,LSTM,"/media/marcos/Marcos/Codigos/Predicao_Cafe_Arabica/Teste_2_reuniao_16_dez_ajuste_seed/temp_models/trial_299
Modelo LSTM. Treino: 2012 a 2023. Validação: 2024. Teste: 2025.
Dataset: V44.
Obs: ajuste de seed

Hyperparams:
input_size: 11h: 1lr: 3.7492968596220224e-05batch: 32encoder n layers: 3decoder layers: 3",2026-01-07T21:20:55
2024_cluster_1,Patis,2025-12-31T00:00:00,0.0,1.3541064,,teste,V44,LSTM,"/media/marcos/Marcos/Codigos/Predicao_Cafe_Arabica/Teste_2_reuniao_16_dez_ajuste_seed/temp_models/trial_299
Modelo LSTM. Treino: 2012 a 2023. Validação: 2024. Teste: 2025.
Dataset: V44.
Obs: ajuste de seed

Hyperparams:
input_size: 11h: 1lr: 3.7492968596220224e-05batch: 32encoder n layers: 3decoder layers: 3",2026-01-07T21:20:55
2024_cluster_1,Patos_de_Minas,2025-12-31T00:00:00,0.0,1.7718945,,teste,V44,LSTM,"/media/marcos/Marcos/Codigos/Predicao_Cafe_Arabica/Teste_2_reuniao_16_dez_ajuste_seed/temp_models/trial_299
Modelo LSTM. Treino: 2012 a 2023. Validação: 2024. Teste: 2025.
Dataset: V44.
Obs: ajuste de seed

Hyperparams:
input_size: 11h: 1lr: 3.7492968596220224e-05batch: 32encoder n layers: 3decoder layers: 3",2026-01-07T21:20:55
2024_cluster_1,Patrocinio,2025-12-31T00:00:00,0.0,1.5568827,,teste,V44,LSTM,"/media/marcos/Marcos/Codigos/Predicao_Cafe_Arabica/Teste_2_reuniao_16_dez_ajuste_seed/temp_models/trial_299
Modelo LSTM. Treino: 2012 a 2023. Validação: 2024. Teste: 2025.
Dataset: V44.
Obs: ajuste de seed

Hyperparams:
input_size: 11h: 1lr: 3.7492968596220224e-05batch: 32encoder n layers: 3decoder layers: 3",2026-01-07T21:20:55
2024_cluster_1,Pedrinopolis,2025-12-31T00:00:00,0.0,1.5957651,,teste,V44,LSTM,"/media/marcos/Marcos/Codigos/Predicao_Cafe_Arabica/Teste_2_reuniao_16_dez_ajuste_seed/temp_models/trial_299
Modelo LSTM. Treino: 2012 a 2023. Validação: 2024. Teste: 2025.
Dataset: V44.
Obs: ajuste de seed

Hyperparams:
input_size: 11h: 1lr: 3.7492968596220224e-05batch: 32encoder n layers: 3decoder layers: 3",2026-01-07T21:20:55
2024_cluster_1,Perdizes,2025-12-31T00:00:00,0.0,1.6433561,,teste,V44,LSTM,"/media/marcos/Marcos/Codigos/Predicao_Cafe_Arabica/Teste_2_reuniao_16_dez_ajuste_seed/temp_models/trial_299
Modelo LSTM. Treino: 2012 a 2023. Validação: 2024. Teste: 2025.
Dataset: V44.
Obs: ajuste de seed

Hyperparams:
input_size: 11h: 1lr: 3.7492968596220224e-05batch: 32encoder n layers: 3decoder layers: 3",2026-01-07T21:20:55
2024_cluster_1,Piracema,2025-12-31T00:00:00,0.0,1.1883348,,teste,V44,LSTM,"/media/marcos/Marcos/Codigos/Predicao_Cafe_Arabica/Teste_2_reuniao_16_dez_ajuste_seed/temp_models/trial_299
Modelo LSTM. Treino: 2012 a 2023. Validação: 2024. Teste: 2025.
Dataset: V44.
Obs: ajuste de seed

Hyperparams:
input_size: 11h: 1lr: 3.7492968596220224e-05batch: 32encoder n layers: 3decoder layers: 3",2026-01-07T21:20:55
2024_cluster_1,Ponto_dos_Volantes,2025-12-31T00:00:00,0.0,0.5506488,,teste,V44,LSTM,"/media/marcos/Marcos/Codigos/Predicao_Cafe_Arabica/Teste_2_reuniao_16_dez_ajuste_seed/temp_models/trial_299
Modelo LSTM. Treino: 2012 a 2023. Validação: 2024. Teste: 2025.
Dataset: V44.
Obs: ajuste de seed

Hyperparams:
input_size: 11h: 1lr: 3.7492968596220224e-05batch: 32encoder n layers: 3decoder layers: 3",2026-01-07T21:20:55
2024_cluster_1,Pratapolis,2025-12-31T00:00:00,0.0,1.5304551,,teste,V44,LSTM,"/media/marcos/Marcos/Codigos/Predicao_Cafe_Arabica/Teste_2_reuniao_16_dez_ajuste_seed/temp_models/trial_299
Modelo LSTM. Treino: 2012 a 2023. Validação: 2024. Teste: 2025.
Dataset: V44.
Obs: ajuste de seed

Hyperparams:
input_size: 11h: 1lr: 3.7492968596220224e-05batch: 32encoder n layers: 3decoder layers: 3",2026-01-07T21:20:55
2024_cluster_1,Pratinha,2025-12-31T00:00:00,0.0,1.754396,,teste,V44,LSTM,"/media/marcos/Marcos/Codigos/Predicao_Cafe_Arabica/Teste_2_reuniao_16_dez_ajuste_seed/temp_models/trial_299
Modelo LSTM. Treino: 2012 a 2023. Validação: 2024. Teste: 2025.
Dataset: V44.
Obs: ajuste de seed

Hyperparams:
input_size: 11h: 1lr: 3.7492968596220224e-05batch: 32encoder n layers: 3decoder layers: 3",2026-01-07T21:20:55
2024_cluster_1,Presidente_Kubitschek,2025-12-31T00:00:00,0.0,1.0137062,,teste,V44,LSTM,"/media/marcos/Marcos/Codigos/Predicao_Cafe_Arabica/Teste_2_reuniao_16_dez_ajuste_seed/temp_models/trial_299
Modelo LSTM. Treino: 2012 a 2023. Validação: 2024. Teste: 2025.
Dataset: V44.
Obs: ajuste de seed

Hyperparams:
input_size: 11h: 1lr: 3.7492968596220224e-05batch: 32encoder n layers: 3decoder layers: 3",2026-01-07T21:20:55
2024_cluster_1,Presidente_Olegario,2025-12-31T00:00:00,0.0,1.993934,,teste,V44,LSTM,"/media/marcos/Marcos/Codigos/Predicao_Cafe_Arabica/Teste_2_reuniao_16_dez_ajuste_seed/temp_models/trial_299
Modelo LSTM. Treino: 2012 a 2023. Validação: 2024. Teste: 2025.
Dataset: V44.
Obs: ajuste de seed

Hyperparams:
input_size: 11h: 1lr: 3.7492968596220224e-05batch: 32encoder n layers: 3decoder layers: 3",2026-01-07T21:20:55
2024_cluster_1,Quartel_Geral,2025-12-31T00:00:00,0.0,2.7648742,,teste,V44,LSTM,"/media/marcos/Marcos/Codigos/Predicao_Cafe_Arabica/Teste_2_reuniao_16_dez_ajuste_seed/temp_models/trial_299
Modelo LSTM. Treino: 2012 a 2023. Validação: 2024. Teste: 2025.
Dataset: V44.
Obs: ajuste de seed

Hyperparams:
input_size: 11h: 1lr: 3.7492968596220224e-05batch: 32encoder n layers: 3decoder layers: 3",2026-01-07T21:20:55
2024_cluster_1,Rio_Paranaiba,2025-12-31T00:00:00,0.0,1.4926009,,teste,V44,LSTM,"/media/marcos/Marcos/Codigos/Predicao_Cafe_Arabica/Teste_2_reuniao_16_dez_ajuste_seed/temp_models/trial_299
Modelo LSTM. Treino: 2012 a 2023. Validação: 2024. Teste: 2025.
Dataset: V44.
Obs: ajuste de seed

Hyperparams:
input_size: 11h: 1lr: 3.7492968596220224e-05batch: 32encoder n layers: 3decoder layers: 3",2026-01-07T21:20:55
2024_cluster_1,Rio_Vermelho,2025-12-31T00:00:00,0.0,0.9517644,,teste,V44,LSTM,"/media/marcos/Marcos/Codigos/Predicao_Cafe_Arabica/Teste_2_reuniao_16_dez_ajuste_seed/temp_models/trial_299
Modelo LSTM. Treino: 2012 a 2023. Validação: 2024. Teste: 2025.
Dataset: V44.
Obs: ajuste de seed

Hyperparams:
input_size: 11h: 1lr: 3.7492968596220224e-05batch: 32encoder n layers: 3decoder layers: 3",2026-01-07T21:20:55
2024_cluster_1,Romaria,2025-12-31T00:00:00,0.0,1.9658282,,teste,V44,LSTM,"/media/marcos/Marcos/Codigos/Predicao_Cafe_Arabica/Teste_2_reuniao_16_dez_ajuste_seed/temp_models/trial_299
Modelo LSTM. Treino: 2012 a 2023. Validação: 2024. Teste: 2025.
Dataset: V44.
Obs: ajuste de seed

Hyperparams:
input_size: 11h: 1lr: 3.7492968596220224e-05batch: 32encoder n layers: 3decoder layers: 3",2026-01-07T21:20:55
2024_cluster_1,Sacramento,2025-12-31T00:00:00,0.0,1.5436059,,teste,V44,LSTM,"/media/marcos/Marcos/Codigos/Predicao_Cafe_Arabica/Teste_2_reuniao_16_dez_ajuste_seed/temp_models/trial_299
Modelo LSTM. Treino: 2012 a 2023. Validação: 2024. Teste: 2025.
Dataset: V44.
Obs: ajuste de seed

Hyperparams:
input_size: 11h: 1lr: 3.7492968596220224e-05batch: 32encoder n layers: 3decoder layers: 3",2026-01-07T21:20:55
2024_cluster_1,Santa_Rosa_da_Serra,2025-12-31T00:00:00,0.0,1.7122545,,teste,V44,LSTM,"/media/marcos/Marcos/Codigos/Predicao_Cafe_Arabica/Teste_2_reuniao_16_dez_ajuste_seed/temp_models/trial_299
Modelo LSTM. Treino: 2012 a 2023. Validação: 2024. Teste: 2025.
Dataset: V44.
Obs: ajuste de seed

Hyperparams:
input_size: 11h: 1lr: 3.7492968596220224e-05batch: 32encoder n layers: 3decoder layers: 3",2026-01-07T21:20:55
2024_cluster_1,Santo_Antonio_do_Amparo,2025-12-31T00:00:00,0.0,1.6411335,,teste,V44,LSTM,"/media/marcos/Marcos/Codigos/Predicao_Cafe_Arabica/Teste_2_reuniao_16_dez_ajuste_seed/temp_models/trial_299
Modelo LSTM. Treino: 2012 a 2023. Validação: 2024. Teste: 2025.
Dataset: V44.
Obs: ajuste de seed

Hyperparams:
input_size: 11h: 1lr: 3.7492968596220224e-05batch: 32encoder n layers: 3decoder layers: 3",2026-01-07T21:20:55
2024_cluster_1,Sao_Goncalo_do_Abaete,2025-12-31T00:00:00,0.0,1.8081152,,teste,V44,LSTM,"/media/marcos/Marcos/Codigos/Predicao_Cafe_Arabica/Teste_2_reuniao_16_dez_ajuste_seed/temp_models/trial_299
Modelo LSTM. Treino: 2012 a 2023. Validação: 2024. Teste: 2025.
Dataset: V44.
Obs: ajuste de seed

Hyperparams:
input_size: 11h: 1lr: 3.7492968596220224e-05batch: 32encoder n layers: 3decoder layers: 3",2026-01-07T21:20:55
2024_cluster_1,Sao_Gotardo,2025-12-31T00:00:00,0.0,1.5150965,,teste,V44,LSTM,"/media/marcos/Marcos/Codigos/Predicao_Cafe_Arabica/Teste_2_reuniao_16_dez_ajuste_seed/temp_models/trial_299
Modelo LSTM. Treino: 2012 a 2023. Validação: 2024. Teste: 2025.
Dataset: V44.
Obs: ajuste de seed

Hyperparams:
input_size: 11h: 1lr: 3.7492968596220224e-05batch: 32encoder n layers: 3decoder layers: 3",2026-01-07T21:20:55
2024_cluster_1,Sao_Joao_Batista_do_Gloria,2025-12-31T00:00:00,0.0,1.4281685,,teste,V44,LSTM,"/media/marcos/Marcos/Codigos/Predicao_Cafe_Arabica/Teste_2_reuniao_16_dez_ajuste_seed/temp_models/trial_299
Modelo LSTM. Treino: 2012 a 2023. Validação: 2024. Teste: 2025.
Dataset: V44.
Obs: ajuste de seed

Hyperparams:
input_size: 11h: 1lr: 3.7492968596220224e-05batch: 32encoder n layers: 3decoder layers: 3",2026-01-07T21:20:55
2024_cluster_1,Sao_Pedro_da_Uniao,2025-12-31T00:00:00,0.0,1.6463424,,teste,V44,LSTM,"/media/marcos/Marcos/Codigos/Predicao_Cafe_Arabica/Teste_2_reuniao_16_dez_ajuste_seed/temp_models/trial_299
Modelo LSTM. Treino: 2012 a 2023. Validação: 2024. Teste: 2025.
Dataset: V44.
Obs: ajuste de seed

Hyperparams:
input_size: 11h: 1lr: 3.7492968596220224e-05batch: 32encoder n layers: 3decoder layers: 3",2026-01-07T21:20:55
2024_cluster_1,Sao_Sebastiao_do_Paraiso,2025-12-31T00:00:00,0.0,1.4345939,,teste,V44,LSTM,"/media/marcos/Marcos/Codigos/Predicao_Cafe_Arabica/Teste_2_reuniao_16_dez_ajuste_seed/temp_models/trial_299
Modelo LSTM. Treino: 2012 a 2023. Validação: 2024. Teste: 2025.
Dataset: V44.
Obs: ajuste de seed

Hyperparams:
input_size: 11h: 1lr: 3.7492968596220224e-05batch: 32encoder n layers: 3decoder layers: 3",2026-01-07T21:20:55
2024_cluster_1,Serra_do_Salitre,2025-12-31T00:00:00,0.0,1.5873351,,teste,V44,LSTM,"/media/marcos/Marcos/Codigos/Predicao_Cafe_Arabica/Teste_2_reuniao_16_dez_ajuste_seed/temp_models/trial_299
Modelo LSTM. Treino: 2012 a 2023. Validação: 2024. Teste: 2025.
Dataset: V44.
Obs: ajuste de seed

Hyperparams:
input_size: 11h: 1lr: 3.7492968596220224e-05batch: 32encoder n layers: 3decoder layers: 3",2026-01-07T21:20:55
2024_cluster_1,Tapira,2025-12-31T00:00:00,0.0,1.7769859,,teste,V44,LSTM,"/media/marcos/Marcos/Codigos/Predicao_Cafe_Arabica/Teste_2_reuniao_16_dez_ajuste_seed/temp_models/trial_299
Modelo LSTM. Treino: 2012 a 2023. Validação: 2024. Teste: 2025.
Dataset: V44.
Obs: ajuste de seed

Hyperparams:
input_size: 11h: 1lr: 3.7492968596220224e-05batch: 32encoder n layers: 3decoder layers: 3",2026-01-07T21:20:55
2024_cluster_1,Tiros,2025-12-31T00:00:00,0.0,1.6902475,,teste,V44,LSTM,"/media/marcos/Marcos/Codigos/Predicao_Cafe_Arabica/Teste_2_reuniao_16_dez_ajuste_seed/temp_models/trial_299
Modelo LSTM. Treino: 2012 a 2023. Validação: 2024. Teste: 2025.
Dataset: V44.
Obs: ajuste de seed

Hyperparams:
input_size: 11h: 1lr: 3.7492968596220224e-05batch: 32encoder n layers: 3decoder layers: 3",2026-01-07T21:20:55
2024_cluster_1,Tupaciguara,2025-12-31T00:00:00,0.0,2.2534664,,teste,V44,LSTM,"/media/marcos/Marcos/Codigos/Predicao_Cafe_Arabica/Teste_2_reuniao_16_dez_ajuste_seed/temp_models/trial_299
Modelo LSTM. Treino: 2012 a 2023. Validação: 2024. Teste: 2025.
Dataset: V44.
Obs: ajuste de seed

Hyperparams:
input_size: 11h: 1lr: 3.7492968596220224e-05batch: 32encoder n layers: 3decoder layers: 3",2026-01-07T21:20:55
2024_cluster_1,Uberaba,2025-12-31T00:00:00,0.0,2.062221,,teste,V44,LSTM,"/media/marcos/Marcos/Codigos/Predicao_Cafe_Arabica/Teste_2_reuniao_16_dez_ajuste_seed/temp_models/trial_299
Modelo LSTM. Treino: 2012 a 2023. Validação: 2024. Teste: 2025.
Dataset: V44.
Obs: ajuste de seed

Hyperparams:
input_size: 11h: 1lr: 3.7492968596220224e-05batch: 32encoder n layers: 3decoder layers: 3",2026-01-07T21:20:55
2024_cluster_1,Uberlandia,2025-12-31T00:00:00,0.0,1.7856053,,teste,V44,LSTM,"/media/marcos/Marcos/Codigos/Predicao_Cafe_Arabica/Teste_2_reuniao_16_dez_ajuste_seed/temp_models/trial_299
Modelo LSTM. Treino: 2012 a 2023. Validação: 2024. Teste: 2025.
Dataset: V44.
Obs: ajuste de seed

Hyperparams:
input_size: 11h: 1lr: 3.7492968596220224e-05batch: 32encoder n layers: 3decoder layers: 3",2026-01-07T21:20:55
2024_cluster_1,Unai,2025-12-31T00:00:00,0.0,2.5512526,,teste,V44,LSTM,"/media/marcos/Marcos/Codigos/Predicao_Cafe_Arabica/Teste_2_reuniao_16_dez_ajuste_seed/temp_models/trial_299
Modelo LSTM. Treino: 2012 a 2023. Validação: 2024. Teste: 2025.
Dataset: V44.
Obs: ajuste de seed

Hyperparams:
input_size: 11h: 1lr: 3.7492968596220224e-05batch: 32encoder n layers: 3decoder layers: 3",2026-01-07T21:20:55
2024_cluster_1,Varginha,2025-12-31T00:00:00,0.0,1.4715772,,teste,V44,LSTM,"/media/marcos/Marcos/Codigos/Predicao_Cafe_Arabica/Teste_2_reuniao_16_dez_ajuste_seed/temp_models/trial_299
Modelo LSTM. Treino: 2012 a 2023. Validação: 2024. Teste: 2025.
Dataset: V44.
Obs: ajuste de seed

Hyperparams:
input_size: 11h: 1lr: 3.7492968596220224e-05batch: 32encoder n layers: 3decoder layers: 3",2026-01-07T21:20:55
2024_cluster_1,Varjao_de_Minas,2025-12-31T00:00:00,0.0,2.4319346,,teste,V44,LSTM,"/media/marcos/Marcos/Codigos/Predicao_Cafe_Arabica/Teste_2_reuniao_16_dez_ajuste_seed/temp_models/trial_299
Modelo LSTM. Treino: 2012 a 2023. Validação: 2024. Teste: 2025.
Dataset: V44.
Obs: ajuste de seed

Hyperparams:
input_size: 11h: 1lr: 3.7492968596220224e-05batch: 32encoder n layers: 3decoder layers: 3",2026-01-07T21:20:55
2024_cluster_1,Virginopolis,2025-12-31T00:00:00,0.0,1.2694865,,teste,V44,LSTM,"/media/marcos/Marcos/Codigos/Predicao_Cafe_Arabica/Teste_2_reuniao_16_dez_ajuste_seed/temp_models/trial_299
Modelo LSTM. Treino: 2012 a 2023. Validação: 2024. Teste: 2025.
Dataset: V44.
Obs: ajuste de seed

Hyperparams:
input_size: 11h: 1lr: 3.7492968596220224e-05batch: 32encoder n layers: 3decoder layers: 3",2026-01-07T21:20:55
