treino_id,unique_id,ds,y,y_pred,diferença_%,flag,dataset,modelo,comentario,data_treino
2022_cluster_4,Abadia_dos_Dourados,2022-12-31T00:00:00,2.0384615384615383,1.9670757,3.5,validacao,V44,LSTM,"/media/marcos/Marcos/Codigos/Predicao_Cafe_Arabica/Teste_2_reuniao_16_dez_ajuste_seed/temp_models/trial_215
Modelo LSTM. Treino: 2012 a 2021. Validação: 2022. Teste: 2023.
Dataset: V44.
Obs: ajuste de seed

Hyperparams:
input_size: 9h: 1lr: 0.00020212646257973752batch: 32encoder n layers: 1decoder layers: 1",2026-01-07T15:31:02
2022_cluster_4,Acucena,2022-12-31T00:00:00,1.0,0.9826602,1.73,validacao,V44,LSTM,"/media/marcos/Marcos/Codigos/Predicao_Cafe_Arabica/Teste_2_reuniao_16_dez_ajuste_seed/temp_models/trial_215
Modelo LSTM. Treino: 2012 a 2021. Validação: 2022. Teste: 2023.
Dataset: V44.
Obs: ajuste de seed

Hyperparams:
input_size: 9h: 1lr: 0.00020212646257973752batch: 32encoder n layers: 1decoder layers: 1",2026-01-07T15:31:02
2022_cluster_4,Agua_Boa,2022-12-31T00:00:00,0.9136363636363636,1.1123034,21.74,validacao,V44,LSTM,"/media/marcos/Marcos/Codigos/Predicao_Cafe_Arabica/Teste_2_reuniao_16_dez_ajuste_seed/temp_models/trial_215
Modelo LSTM. Treino: 2012 a 2021. Validação: 2022. Teste: 2023.
Dataset: V44.
Obs: ajuste de seed

Hyperparams:
input_size: 9h: 1lr: 0.00020212646257973752batch: 32encoder n layers: 1decoder layers: 1",2026-01-07T15:31:02
2022_cluster_4,Aguas_Vermelhas,2022-12-31T00:00:00,3.0,3.2818031,9.39,validacao,V44,LSTM,"/media/marcos/Marcos/Codigos/Predicao_Cafe_Arabica/Teste_2_reuniao_16_dez_ajuste_seed/temp_models/trial_215
Modelo LSTM. Treino: 2012 a 2021. Validação: 2022. Teste: 2023.
Dataset: V44.
Obs: ajuste de seed

Hyperparams:
input_size: 9h: 1lr: 0.00020212646257973752batch: 32encoder n layers: 1decoder layers: 1",2026-01-07T15:31:02
2022_cluster_4,Angelandia,2022-12-31T00:00:00,1.9799126637554583,1.583873,20.0,validacao,V44,LSTM,"/media/marcos/Marcos/Codigos/Predicao_Cafe_Arabica/Teste_2_reuniao_16_dez_ajuste_seed/temp_models/trial_215
Modelo LSTM. Treino: 2012 a 2021. Validação: 2022. Teste: 2023.
Dataset: V44.
Obs: ajuste de seed

Hyperparams:
input_size: 9h: 1lr: 0.00020212646257973752batch: 32encoder n layers: 1decoder layers: 1",2026-01-07T15:31:02
2022_cluster_4,Aricanduva,2022-12-31T00:00:00,1.2,1.1142561,7.15,validacao,V44,LSTM,"/media/marcos/Marcos/Codigos/Predicao_Cafe_Arabica/Teste_2_reuniao_16_dez_ajuste_seed/temp_models/trial_215
Modelo LSTM. Treino: 2012 a 2021. Validação: 2022. Teste: 2023.
Dataset: V44.
Obs: ajuste de seed

Hyperparams:
input_size: 9h: 1lr: 0.00020212646257973752batch: 32encoder n layers: 1decoder layers: 1",2026-01-07T15:31:02
2022_cluster_4,Ataleia,2022-12-31T00:00:00,0.7142857142857143,0.9275799,29.86,validacao,V44,LSTM,"/media/marcos/Marcos/Codigos/Predicao_Cafe_Arabica/Teste_2_reuniao_16_dez_ajuste_seed/temp_models/trial_215
Modelo LSTM. Treino: 2012 a 2021. Validação: 2022. Teste: 2023.
Dataset: V44.
Obs: ajuste de seed

Hyperparams:
input_size: 9h: 1lr: 0.00020212646257973752batch: 32encoder n layers: 1decoder layers: 1",2026-01-07T15:31:02
2022_cluster_4,Bandeira,2022-12-31T00:00:00,1.5,1.053151,29.79,validacao,V44,LSTM,"/media/marcos/Marcos/Codigos/Predicao_Cafe_Arabica/Teste_2_reuniao_16_dez_ajuste_seed/temp_models/trial_215
Modelo LSTM. Treino: 2012 a 2021. Validação: 2022. Teste: 2023.
Dataset: V44.
Obs: ajuste de seed

Hyperparams:
input_size: 9h: 1lr: 0.00020212646257973752batch: 32encoder n layers: 1decoder layers: 1",2026-01-07T15:31:02
2022_cluster_4,Berilo,2022-12-31T00:00:00,1.5625,1.1717045,25.01,validacao,V44,LSTM,"/media/marcos/Marcos/Codigos/Predicao_Cafe_Arabica/Teste_2_reuniao_16_dez_ajuste_seed/temp_models/trial_215
Modelo LSTM. Treino: 2012 a 2021. Validação: 2022. Teste: 2023.
Dataset: V44.
Obs: ajuste de seed

Hyperparams:
input_size: 9h: 1lr: 0.00020212646257973752batch: 32encoder n layers: 1decoder layers: 1",2026-01-07T15:31:02
2022_cluster_4,Berizal,2022-12-31T00:00:00,3.5709677419354837,3.0297186,15.16,validacao,V44,LSTM,"/media/marcos/Marcos/Codigos/Predicao_Cafe_Arabica/Teste_2_reuniao_16_dez_ajuste_seed/temp_models/trial_215
Modelo LSTM. Treino: 2012 a 2021. Validação: 2022. Teste: 2023.
Dataset: V44.
Obs: ajuste de seed

Hyperparams:
input_size: 9h: 1lr: 0.00020212646257973752batch: 32encoder n layers: 1decoder layers: 1",2026-01-07T15:31:02
2022_cluster_4,Bonfinopolis_de_Minas,2022-12-31T00:00:00,3.3,2.4734168,25.05,validacao,V44,LSTM,"/media/marcos/Marcos/Codigos/Predicao_Cafe_Arabica/Teste_2_reuniao_16_dez_ajuste_seed/temp_models/trial_215
Modelo LSTM. Treino: 2012 a 2021. Validação: 2022. Teste: 2023.
Dataset: V44.
Obs: ajuste de seed

Hyperparams:
input_size: 9h: 1lr: 0.00020212646257973752batch: 32encoder n layers: 1decoder layers: 1",2026-01-07T15:31:02
2022_cluster_4,Buritis,2022-12-31T00:00:00,3.0,3.2742136,9.14,validacao,V44,LSTM,"/media/marcos/Marcos/Codigos/Predicao_Cafe_Arabica/Teste_2_reuniao_16_dez_ajuste_seed/temp_models/trial_215
Modelo LSTM. Treino: 2012 a 2021. Validação: 2022. Teste: 2023.
Dataset: V44.
Obs: ajuste de seed

Hyperparams:
input_size: 9h: 1lr: 0.00020212646257973752batch: 32encoder n layers: 1decoder layers: 1",2026-01-07T15:31:02
2022_cluster_4,Buritizeiro,2022-12-31T00:00:00,3.0,2.9651868,1.16,validacao,V44,LSTM,"/media/marcos/Marcos/Codigos/Predicao_Cafe_Arabica/Teste_2_reuniao_16_dez_ajuste_seed/temp_models/trial_215
Modelo LSTM. Treino: 2012 a 2021. Validação: 2022. Teste: 2023.
Dataset: V44.
Obs: ajuste de seed

Hyperparams:
input_size: 9h: 1lr: 0.00020212646257973752batch: 32encoder n layers: 1decoder layers: 1",2026-01-07T15:31:02
2022_cluster_4,Capelinha,2022-12-31T00:00:00,1.576751592356688,1.4493418,8.08,validacao,V44,LSTM,"/media/marcos/Marcos/Codigos/Predicao_Cafe_Arabica/Teste_2_reuniao_16_dez_ajuste_seed/temp_models/trial_215
Modelo LSTM. Treino: 2012 a 2021. Validação: 2022. Teste: 2023.
Dataset: V44.
Obs: ajuste de seed

Hyperparams:
input_size: 9h: 1lr: 0.00020212646257973752batch: 32encoder n layers: 1decoder layers: 1",2026-01-07T15:31:02
2022_cluster_4,Carai,2022-12-31T00:00:00,1.2,1.2426175,3.55,validacao,V44,LSTM,"/media/marcos/Marcos/Codigos/Predicao_Cafe_Arabica/Teste_2_reuniao_16_dez_ajuste_seed/temp_models/trial_215
Modelo LSTM. Treino: 2012 a 2021. Validação: 2022. Teste: 2023.
Dataset: V44.
Obs: ajuste de seed

Hyperparams:
input_size: 9h: 1lr: 0.00020212646257973752batch: 32encoder n layers: 1decoder layers: 1",2026-01-07T15:31:02
2022_cluster_4,Caranaiba,2022-12-31T00:00:00,3.405405405405405,1.8373165,46.05,validacao,V44,LSTM,"/media/marcos/Marcos/Codigos/Predicao_Cafe_Arabica/Teste_2_reuniao_16_dez_ajuste_seed/temp_models/trial_215
Modelo LSTM. Treino: 2012 a 2021. Validação: 2022. Teste: 2023.
Dataset: V44.
Obs: ajuste de seed

Hyperparams:
input_size: 9h: 1lr: 0.00020212646257973752batch: 32encoder n layers: 1decoder layers: 1",2026-01-07T15:31:02
2022_cluster_4,Catuji,2022-12-31T00:00:00,1.3230769230769233,1.2947515,2.14,validacao,V44,LSTM,"/media/marcos/Marcos/Codigos/Predicao_Cafe_Arabica/Teste_2_reuniao_16_dez_ajuste_seed/temp_models/trial_215
Modelo LSTM. Treino: 2012 a 2021. Validação: 2022. Teste: 2023.
Dataset: V44.
Obs: ajuste de seed

Hyperparams:
input_size: 9h: 1lr: 0.00020212646257973752batch: 32encoder n layers: 1decoder layers: 1",2026-01-07T15:31:02
2022_cluster_4,Congonhas_do_Norte,2022-12-31T00:00:00,0.9,1.0469223,16.32,validacao,V44,LSTM,"/media/marcos/Marcos/Codigos/Predicao_Cafe_Arabica/Teste_2_reuniao_16_dez_ajuste_seed/temp_models/trial_215
Modelo LSTM. Treino: 2012 a 2021. Validação: 2022. Teste: 2023.
Dataset: V44.
Obs: ajuste de seed

Hyperparams:
input_size: 9h: 1lr: 0.00020212646257973752batch: 32encoder n layers: 1decoder layers: 1",2026-01-07T15:31:02
2022_cluster_4,Coroaci,2022-12-31T00:00:00,2.1,1.6793978,20.03,validacao,V44,LSTM,"/media/marcos/Marcos/Codigos/Predicao_Cafe_Arabica/Teste_2_reuniao_16_dez_ajuste_seed/temp_models/trial_215
Modelo LSTM. Treino: 2012 a 2021. Validação: 2022. Teste: 2023.
Dataset: V44.
Obs: ajuste de seed

Hyperparams:
input_size: 9h: 1lr: 0.00020212646257973752batch: 32encoder n layers: 1decoder layers: 1",2026-01-07T15:31:02
2022_cluster_4,Cuparaque,2022-12-31T00:00:00,1.02,1.1986184,17.51,validacao,V44,LSTM,"/media/marcos/Marcos/Codigos/Predicao_Cafe_Arabica/Teste_2_reuniao_16_dez_ajuste_seed/temp_models/trial_215
Modelo LSTM. Treino: 2012 a 2021. Validação: 2022. Teste: 2023.
Dataset: V44.
Obs: ajuste de seed

Hyperparams:
input_size: 9h: 1lr: 0.00020212646257973752batch: 32encoder n layers: 1decoder layers: 1",2026-01-07T15:31:02
2022_cluster_4,Diamantina,2022-12-31T00:00:00,2.9651837524177953,3.1913953,7.63,validacao,V44,LSTM,"/media/marcos/Marcos/Codigos/Predicao_Cafe_Arabica/Teste_2_reuniao_16_dez_ajuste_seed/temp_models/trial_215
Modelo LSTM. Treino: 2012 a 2021. Validação: 2022. Teste: 2023.
Dataset: V44.
Obs: ajuste de seed

Hyperparams:
input_size: 9h: 1lr: 0.00020212646257973752batch: 32encoder n layers: 1decoder layers: 1",2026-01-07T15:31:02
2022_cluster_4,Formoso,2022-12-31T00:00:00,3.3607142857142858,2.7655952,17.71,validacao,V44,LSTM,"/media/marcos/Marcos/Codigos/Predicao_Cafe_Arabica/Teste_2_reuniao_16_dez_ajuste_seed/temp_models/trial_215
Modelo LSTM. Treino: 2012 a 2021. Validação: 2022. Teste: 2023.
Dataset: V44.
Obs: ajuste de seed

Hyperparams:
input_size: 9h: 1lr: 0.00020212646257973752batch: 32encoder n layers: 1decoder layers: 1",2026-01-07T15:31:02
2022_cluster_4,Franciscopolis,2022-12-31T00:00:00,1.255555555555556,1.7819334,41.92,validacao,V44,LSTM,"/media/marcos/Marcos/Codigos/Predicao_Cafe_Arabica/Teste_2_reuniao_16_dez_ajuste_seed/temp_models/trial_215
Modelo LSTM. Treino: 2012 a 2021. Validação: 2022. Teste: 2023.
Dataset: V44.
Obs: ajuste de seed

Hyperparams:
input_size: 9h: 1lr: 0.00020212646257973752batch: 32encoder n layers: 1decoder layers: 1",2026-01-07T15:31:02
2022_cluster_4,Frei_Gaspar,2022-12-31T00:00:00,1.133333333333333,1.1287346,0.41,validacao,V44,LSTM,"/media/marcos/Marcos/Codigos/Predicao_Cafe_Arabica/Teste_2_reuniao_16_dez_ajuste_seed/temp_models/trial_215
Modelo LSTM. Treino: 2012 a 2021. Validação: 2022. Teste: 2023.
Dataset: V44.
Obs: ajuste de seed

Hyperparams:
input_size: 9h: 1lr: 0.00020212646257973752batch: 32encoder n layers: 1decoder layers: 1",2026-01-07T15:31:02
2022_cluster_4,Grao_Mogol,2022-12-31T00:00:00,1.177777777777778,1.1590433,1.59,validacao,V44,LSTM,"/media/marcos/Marcos/Codigos/Predicao_Cafe_Arabica/Teste_2_reuniao_16_dez_ajuste_seed/temp_models/trial_215
Modelo LSTM. Treino: 2012 a 2021. Validação: 2022. Teste: 2023.
Dataset: V44.
Obs: ajuste de seed

Hyperparams:
input_size: 9h: 1lr: 0.00020212646257973752batch: 32encoder n layers: 1decoder layers: 1",2026-01-07T15:31:02
2022_cluster_4,Indaiabira,2022-12-31T00:00:00,2.1723404255319148,2.750383,26.61,validacao,V44,LSTM,"/media/marcos/Marcos/Codigos/Predicao_Cafe_Arabica/Teste_2_reuniao_16_dez_ajuste_seed/temp_models/trial_215
Modelo LSTM. Treino: 2012 a 2021. Validação: 2022. Teste: 2023.
Dataset: V44.
Obs: ajuste de seed

Hyperparams:
input_size: 9h: 1lr: 0.00020212646257973752batch: 32encoder n layers: 1decoder layers: 1",2026-01-07T15:31:02
2022_cluster_4,Itabirinha,2022-12-31T00:00:00,0.8674242424242423,0.97330195,12.21,validacao,V44,LSTM,"/media/marcos/Marcos/Codigos/Predicao_Cafe_Arabica/Teste_2_reuniao_16_dez_ajuste_seed/temp_models/trial_215
Modelo LSTM. Treino: 2012 a 2021. Validação: 2022. Teste: 2023.
Dataset: V44.
Obs: ajuste de seed

Hyperparams:
input_size: 9h: 1lr: 0.00020212646257973752batch: 32encoder n layers: 1decoder layers: 1",2026-01-07T15:31:02
2022_cluster_4,Itacambira,2022-12-31T00:00:00,0.75,1.181102,57.48,validacao,V44,LSTM,"/media/marcos/Marcos/Codigos/Predicao_Cafe_Arabica/Teste_2_reuniao_16_dez_ajuste_seed/temp_models/trial_215
Modelo LSTM. Treino: 2012 a 2021. Validação: 2022. Teste: 2023.
Dataset: V44.
Obs: ajuste de seed

Hyperparams:
input_size: 9h: 1lr: 0.00020212646257973752batch: 32encoder n layers: 1decoder layers: 1",2026-01-07T15:31:02
2022_cluster_4,Itaipe,2022-12-31T00:00:00,0.9604651162790695,0.9366195,2.48,validacao,V44,LSTM,"/media/marcos/Marcos/Codigos/Predicao_Cafe_Arabica/Teste_2_reuniao_16_dez_ajuste_seed/temp_models/trial_215
Modelo LSTM. Treino: 2012 a 2021. Validação: 2022. Teste: 2023.
Dataset: V44.
Obs: ajuste de seed

Hyperparams:
input_size: 9h: 1lr: 0.00020212646257973752batch: 32encoder n layers: 1decoder layers: 1",2026-01-07T15:31:02
2022_cluster_4,Itamarandiba,2022-12-31T00:00:00,2.136,1.6547353,22.53,validacao,V44,LSTM,"/media/marcos/Marcos/Codigos/Predicao_Cafe_Arabica/Teste_2_reuniao_16_dez_ajuste_seed/temp_models/trial_215
Modelo LSTM. Treino: 2012 a 2021. Validação: 2022. Teste: 2023.
Dataset: V44.
Obs: ajuste de seed

Hyperparams:
input_size: 9h: 1lr: 0.00020212646257973752batch: 32encoder n layers: 1decoder layers: 1",2026-01-07T15:31:02
2022_cluster_4,Itambacuri,2022-12-31T00:00:00,0.9620253164556963,1.0387349,7.97,validacao,V44,LSTM,"/media/marcos/Marcos/Codigos/Predicao_Cafe_Arabica/Teste_2_reuniao_16_dez_ajuste_seed/temp_models/trial_215
Modelo LSTM. Treino: 2012 a 2021. Validação: 2022. Teste: 2023.
Dataset: V44.
Obs: ajuste de seed

Hyperparams:
input_size: 9h: 1lr: 0.00020212646257973752batch: 32encoder n layers: 1decoder layers: 1",2026-01-07T15:31:02
2022_cluster_4,Jequitinhonha,2022-12-31T00:00:00,2.4,2.0646157,13.97,validacao,V44,LSTM,"/media/marcos/Marcos/Codigos/Predicao_Cafe_Arabica/Teste_2_reuniao_16_dez_ajuste_seed/temp_models/trial_215
Modelo LSTM. Treino: 2012 a 2021. Validação: 2022. Teste: 2023.
Dataset: V44.
Obs: ajuste de seed

Hyperparams:
input_size: 9h: 1lr: 0.00020212646257973752batch: 32encoder n layers: 1decoder layers: 1",2026-01-07T15:31:02
2022_cluster_4,Joao_Pinheiro,2022-12-31T00:00:00,2.4,2.6579456,10.75,validacao,V44,LSTM,"/media/marcos/Marcos/Codigos/Predicao_Cafe_Arabica/Teste_2_reuniao_16_dez_ajuste_seed/temp_models/trial_215
Modelo LSTM. Treino: 2012 a 2021. Validação: 2022. Teste: 2023.
Dataset: V44.
Obs: ajuste de seed

Hyperparams:
input_size: 9h: 1lr: 0.00020212646257973752batch: 32encoder n layers: 1decoder layers: 1",2026-01-07T15:31:02
2022_cluster_4,Jose_Goncalves_de_Minas,2022-12-31T00:00:00,1.5,1.5480049,3.2,validacao,V44,LSTM,"/media/marcos/Marcos/Codigos/Predicao_Cafe_Arabica/Teste_2_reuniao_16_dez_ajuste_seed/temp_models/trial_215
Modelo LSTM. Treino: 2012 a 2021. Validação: 2022. Teste: 2023.
Dataset: V44.
Obs: ajuste de seed

Hyperparams:
input_size: 9h: 1lr: 0.00020212646257973752batch: 32encoder n layers: 1decoder layers: 1",2026-01-07T15:31:02
2022_cluster_4,Juiz_de_Fora,2022-12-31T00:00:00,1.5714285714285707,2.4427598,55.45,validacao,V44,LSTM,"/media/marcos/Marcos/Codigos/Predicao_Cafe_Arabica/Teste_2_reuniao_16_dez_ajuste_seed/temp_models/trial_215
Modelo LSTM. Treino: 2012 a 2021. Validação: 2022. Teste: 2023.
Dataset: V44.
Obs: ajuste de seed

Hyperparams:
input_size: 9h: 1lr: 0.00020212646257973752batch: 32encoder n layers: 1decoder layers: 1",2026-01-07T15:31:02
2022_cluster_4,Ladainha,2022-12-31T00:00:00,0.6000000000000001,1.0068219,67.8,validacao,V44,LSTM,"/media/marcos/Marcos/Codigos/Predicao_Cafe_Arabica/Teste_2_reuniao_16_dez_ajuste_seed/temp_models/trial_215
Modelo LSTM. Treino: 2012 a 2021. Validação: 2022. Teste: 2023.
Dataset: V44.
Obs: ajuste de seed

Hyperparams:
input_size: 9h: 1lr: 0.00020212646257973752batch: 32encoder n layers: 1decoder layers: 1",2026-01-07T15:31:02
2022_cluster_4,Malacacheta,2022-12-31T00:00:00,1.5595238095238098,1.7504667,12.24,validacao,V44,LSTM,"/media/marcos/Marcos/Codigos/Predicao_Cafe_Arabica/Teste_2_reuniao_16_dez_ajuste_seed/temp_models/trial_215
Modelo LSTM. Treino: 2012 a 2021. Validação: 2022. Teste: 2023.
Dataset: V44.
Obs: ajuste de seed

Hyperparams:
input_size: 9h: 1lr: 0.00020212646257973752batch: 32encoder n layers: 1decoder layers: 1",2026-01-07T15:31:02
2022_cluster_4,Mantena,2022-12-31T00:00:00,0.75,0.63373244,15.5,validacao,V44,LSTM,"/media/marcos/Marcos/Codigos/Predicao_Cafe_Arabica/Teste_2_reuniao_16_dez_ajuste_seed/temp_models/trial_215
Modelo LSTM. Treino: 2012 a 2021. Validação: 2022. Teste: 2023.
Dataset: V44.
Obs: ajuste de seed

Hyperparams:
input_size: 9h: 1lr: 0.00020212646257973752batch: 32encoder n layers: 1decoder layers: 1",2026-01-07T15:31:02
2022_cluster_4,Minas_Novas,2022-12-31T00:00:00,1.7848101265822778,1.3297355,25.5,validacao,V44,LSTM,"/media/marcos/Marcos/Codigos/Predicao_Cafe_Arabica/Teste_2_reuniao_16_dez_ajuste_seed/temp_models/trial_215
Modelo LSTM. Treino: 2012 a 2021. Validação: 2022. Teste: 2023.
Dataset: V44.
Obs: ajuste de seed

Hyperparams:
input_size: 9h: 1lr: 0.00020212646257973752batch: 32encoder n layers: 1decoder layers: 1",2026-01-07T15:31:02
2022_cluster_4,Monte_Formoso,2022-12-31T00:00:00,0.6000000000000001,0.83299184,38.83,validacao,V44,LSTM,"/media/marcos/Marcos/Codigos/Predicao_Cafe_Arabica/Teste_2_reuniao_16_dez_ajuste_seed/temp_models/trial_215
Modelo LSTM. Treino: 2012 a 2021. Validação: 2022. Teste: 2023.
Dataset: V44.
Obs: ajuste de seed

Hyperparams:
input_size: 9h: 1lr: 0.00020212646257973752batch: 32encoder n layers: 1decoder layers: 1",2026-01-07T15:31:02
2022_cluster_4,Ninheira,2022-12-31T00:00:00,2.9401197604790417,2.8406339,3.38,validacao,V44,LSTM,"/media/marcos/Marcos/Codigos/Predicao_Cafe_Arabica/Teste_2_reuniao_16_dez_ajuste_seed/temp_models/trial_215
Modelo LSTM. Treino: 2012 a 2021. Validação: 2022. Teste: 2023.
Dataset: V44.
Obs: ajuste de seed

Hyperparams:
input_size: 9h: 1lr: 0.00020212646257973752batch: 32encoder n layers: 1decoder layers: 1",2026-01-07T15:31:02
2022_cluster_4,Nova_Belem,2022-12-31T00:00:00,0.9599999999999999,1.0609471,10.52,validacao,V44,LSTM,"/media/marcos/Marcos/Codigos/Predicao_Cafe_Arabica/Teste_2_reuniao_16_dez_ajuste_seed/temp_models/trial_215
Modelo LSTM. Treino: 2012 a 2021. Validação: 2022. Teste: 2023.
Dataset: V44.
Obs: ajuste de seed

Hyperparams:
input_size: 9h: 1lr: 0.00020212646257973752batch: 32encoder n layers: 1decoder layers: 1",2026-01-07T15:31:02
2022_cluster_4,Novo_Cruzeiro,2022-12-31T00:00:00,1.180722891566265,1.1947216,1.19,validacao,V44,LSTM,"/media/marcos/Marcos/Codigos/Predicao_Cafe_Arabica/Teste_2_reuniao_16_dez_ajuste_seed/temp_models/trial_215
Modelo LSTM. Treino: 2012 a 2021. Validação: 2022. Teste: 2023.
Dataset: V44.
Obs: ajuste de seed

Hyperparams:
input_size: 9h: 1lr: 0.00020212646257973752batch: 32encoder n layers: 1decoder layers: 1",2026-01-07T15:31:02
2022_cluster_4,Novorizonte,2022-12-31T00:00:00,1.461538461538461,1.3736331,6.01,validacao,V44,LSTM,"/media/marcos/Marcos/Codigos/Predicao_Cafe_Arabica/Teste_2_reuniao_16_dez_ajuste_seed/temp_models/trial_215
Modelo LSTM. Treino: 2012 a 2021. Validação: 2022. Teste: 2023.
Dataset: V44.
Obs: ajuste de seed

Hyperparams:
input_size: 9h: 1lr: 0.00020212646257973752batch: 32encoder n layers: 1decoder layers: 1",2026-01-07T15:31:02
2022_cluster_4,Ouro_Verde_de_Minas,2022-12-31T00:00:00,1.9999999999999996,1.4473681,27.63,validacao,V44,LSTM,"/media/marcos/Marcos/Codigos/Predicao_Cafe_Arabica/Teste_2_reuniao_16_dez_ajuste_seed/temp_models/trial_215
Modelo LSTM. Treino: 2012 a 2021. Validação: 2022. Teste: 2023.
Dataset: V44.
Obs: ajuste de seed

Hyperparams:
input_size: 9h: 1lr: 0.00020212646257973752batch: 32encoder n layers: 1decoder layers: 1",2026-01-07T15:31:02
2022_cluster_4,Padre_Paraiso,2022-12-31T00:00:00,0.6000000000000001,0.67639565,12.73,validacao,V44,LSTM,"/media/marcos/Marcos/Codigos/Predicao_Cafe_Arabica/Teste_2_reuniao_16_dez_ajuste_seed/temp_models/trial_215
Modelo LSTM. Treino: 2012 a 2021. Validação: 2022. Teste: 2023.
Dataset: V44.
Obs: ajuste de seed

Hyperparams:
input_size: 9h: 1lr: 0.00020212646257973752batch: 32encoder n layers: 1decoder layers: 1",2026-01-07T15:31:02
2022_cluster_4,Paracatu,2022-12-31T00:00:00,2.4,2.5730796,7.21,validacao,V44,LSTM,"/media/marcos/Marcos/Codigos/Predicao_Cafe_Arabica/Teste_2_reuniao_16_dez_ajuste_seed/temp_models/trial_215
Modelo LSTM. Treino: 2012 a 2021. Validação: 2022. Teste: 2023.
Dataset: V44.
Obs: ajuste de seed

Hyperparams:
input_size: 9h: 1lr: 0.00020212646257973752batch: 32encoder n layers: 1decoder layers: 1",2026-01-07T15:31:02
2022_cluster_4,Pedra_Azul,2022-12-31T00:00:00,1.5333333333333332,1.255642,18.11,validacao,V44,LSTM,"/media/marcos/Marcos/Codigos/Predicao_Cafe_Arabica/Teste_2_reuniao_16_dez_ajuste_seed/temp_models/trial_215
Modelo LSTM. Treino: 2012 a 2021. Validação: 2022. Teste: 2023.
Dataset: V44.
Obs: ajuste de seed

Hyperparams:
input_size: 9h: 1lr: 0.00020212646257973752batch: 32encoder n layers: 1decoder layers: 1",2026-01-07T15:31:02
2022_cluster_4,Pirapora,2022-12-31T00:00:00,3.3595505617977524,3.3701935,0.32,validacao,V44,LSTM,"/media/marcos/Marcos/Codigos/Predicao_Cafe_Arabica/Teste_2_reuniao_16_dez_ajuste_seed/temp_models/trial_215
Modelo LSTM. Treino: 2012 a 2021. Validação: 2022. Teste: 2023.
Dataset: V44.
Obs: ajuste de seed

Hyperparams:
input_size: 9h: 1lr: 0.00020212646257973752batch: 32encoder n layers: 1decoder layers: 1",2026-01-07T15:31:02
2022_cluster_4,Pote,2022-12-31T00:00:00,1.2,0.71087193,40.76,validacao,V44,LSTM,"/media/marcos/Marcos/Codigos/Predicao_Cafe_Arabica/Teste_2_reuniao_16_dez_ajuste_seed/temp_models/trial_215
Modelo LSTM. Treino: 2012 a 2021. Validação: 2022. Teste: 2023.
Dataset: V44.
Obs: ajuste de seed

Hyperparams:
input_size: 9h: 1lr: 0.00020212646257973752batch: 32encoder n layers: 1decoder layers: 1",2026-01-07T15:31:02
2022_cluster_4,Rio_Pardo_de_Minas,2022-12-31T00:00:00,2.515254237288135,3.5364897,40.6,validacao,V44,LSTM,"/media/marcos/Marcos/Codigos/Predicao_Cafe_Arabica/Teste_2_reuniao_16_dez_ajuste_seed/temp_models/trial_215
Modelo LSTM. Treino: 2012 a 2021. Validação: 2022. Teste: 2023.
Dataset: V44.
Obs: ajuste de seed

Hyperparams:
input_size: 9h: 1lr: 0.00020212646257973752batch: 32encoder n layers: 1decoder layers: 1",2026-01-07T15:31:02
2022_cluster_4,Santa_Barbara_do_Monte_Verde,2022-12-31T00:00:00,1.3,1.391483,7.04,validacao,V44,LSTM,"/media/marcos/Marcos/Codigos/Predicao_Cafe_Arabica/Teste_2_reuniao_16_dez_ajuste_seed/temp_models/trial_215
Modelo LSTM. Treino: 2012 a 2021. Validação: 2022. Teste: 2023.
Dataset: V44.
Obs: ajuste de seed

Hyperparams:
input_size: 9h: 1lr: 0.00020212646257973752batch: 32encoder n layers: 1decoder layers: 1",2026-01-07T15:31:02
2022_cluster_4,Santa_Maria_do_Suacui,2022-12-31T00:00:00,1.0,0.83585894,16.41,validacao,V44,LSTM,"/media/marcos/Marcos/Codigos/Predicao_Cafe_Arabica/Teste_2_reuniao_16_dez_ajuste_seed/temp_models/trial_215
Modelo LSTM. Treino: 2012 a 2021. Validação: 2022. Teste: 2023.
Dataset: V44.
Obs: ajuste de seed

Hyperparams:
input_size: 9h: 1lr: 0.00020212646257973752batch: 32encoder n layers: 1decoder layers: 1",2026-01-07T15:31:02
2022_cluster_4,Santo_Antonio_do_Retiro,2022-12-31T00:00:00,1.2,1.4497563,20.81,validacao,V44,LSTM,"/media/marcos/Marcos/Codigos/Predicao_Cafe_Arabica/Teste_2_reuniao_16_dez_ajuste_seed/temp_models/trial_215
Modelo LSTM. Treino: 2012 a 2021. Validação: 2022. Teste: 2023.
Dataset: V44.
Obs: ajuste de seed

Hyperparams:
input_size: 9h: 1lr: 0.00020212646257973752batch: 32encoder n layers: 1decoder layers: 1",2026-01-07T15:31:02
2022_cluster_4,Sao_Goncalo_do_Rio_Preto,2022-12-31T00:00:00,3.0,4.27032,42.34,validacao,V44,LSTM,"/media/marcos/Marcos/Codigos/Predicao_Cafe_Arabica/Teste_2_reuniao_16_dez_ajuste_seed/temp_models/trial_215
Modelo LSTM. Treino: 2012 a 2021. Validação: 2022. Teste: 2023.
Dataset: V44.
Obs: ajuste de seed

Hyperparams:
input_size: 9h: 1lr: 0.00020212646257973752batch: 32encoder n layers: 1decoder layers: 1",2026-01-07T15:31:02
2022_cluster_4,Sao_Joao_do_Manteninha,2022-12-31T00:00:00,1.2,0.7955815,33.7,validacao,V44,LSTM,"/media/marcos/Marcos/Codigos/Predicao_Cafe_Arabica/Teste_2_reuniao_16_dez_ajuste_seed/temp_models/trial_215
Modelo LSTM. Treino: 2012 a 2021. Validação: 2022. Teste: 2023.
Dataset: V44.
Obs: ajuste de seed

Hyperparams:
input_size: 9h: 1lr: 0.00020212646257973752batch: 32encoder n layers: 1decoder layers: 1",2026-01-07T15:31:02
2022_cluster_4,Sao_Joao_do_Paraiso,2022-12-31T00:00:00,3.09016393442623,3.1754782,2.76,validacao,V44,LSTM,"/media/marcos/Marcos/Codigos/Predicao_Cafe_Arabica/Teste_2_reuniao_16_dez_ajuste_seed/temp_models/trial_215
Modelo LSTM. Treino: 2012 a 2021. Validação: 2022. Teste: 2023.
Dataset: V44.
Obs: ajuste de seed

Hyperparams:
input_size: 9h: 1lr: 0.00020212646257973752batch: 32encoder n layers: 1decoder layers: 1",2026-01-07T15:31:02
2022_cluster_4,Sao_Sebastiao_do_Maranhao,2022-12-31T00:00:00,1.141666666666667,0.94261193,17.44,validacao,V44,LSTM,"/media/marcos/Marcos/Codigos/Predicao_Cafe_Arabica/Teste_2_reuniao_16_dez_ajuste_seed/temp_models/trial_215
Modelo LSTM. Treino: 2012 a 2021. Validação: 2022. Teste: 2023.
Dataset: V44.
Obs: ajuste de seed

Hyperparams:
input_size: 9h: 1lr: 0.00020212646257973752batch: 32encoder n layers: 1decoder layers: 1",2026-01-07T15:31:02
2022_cluster_4,Senador_Modestino_Goncalves,2022-12-31T00:00:00,2.7000000000000006,2.6190095,3.0,validacao,V44,LSTM,"/media/marcos/Marcos/Codigos/Predicao_Cafe_Arabica/Teste_2_reuniao_16_dez_ajuste_seed/temp_models/trial_215
Modelo LSTM. Treino: 2012 a 2021. Validação: 2022. Teste: 2023.
Dataset: V44.
Obs: ajuste de seed

Hyperparams:
input_size: 9h: 1lr: 0.00020212646257973752batch: 32encoder n layers: 1decoder layers: 1",2026-01-07T15:31:02
2022_cluster_4,Setubinha,2022-12-31T00:00:00,1.079761904761905,1.0386001,3.81,validacao,V44,LSTM,"/media/marcos/Marcos/Codigos/Predicao_Cafe_Arabica/Teste_2_reuniao_16_dez_ajuste_seed/temp_models/trial_215
Modelo LSTM. Treino: 2012 a 2021. Validação: 2022. Teste: 2023.
Dataset: V44.
Obs: ajuste de seed

Hyperparams:
input_size: 9h: 1lr: 0.00020212646257973752batch: 32encoder n layers: 1decoder layers: 1",2026-01-07T15:31:02
2022_cluster_4,Taiobeiras,2022-12-31T00:00:00,3.14031971580817,3.688703,17.46,validacao,V44,LSTM,"/media/marcos/Marcos/Codigos/Predicao_Cafe_Arabica/Teste_2_reuniao_16_dez_ajuste_seed/temp_models/trial_215
Modelo LSTM. Treino: 2012 a 2021. Validação: 2022. Teste: 2023.
Dataset: V44.
Obs: ajuste de seed

Hyperparams:
input_size: 9h: 1lr: 0.00020212646257973752batch: 32encoder n layers: 1decoder layers: 1",2026-01-07T15:31:02
2022_cluster_4,Teofilo_Otoni,2022-12-31T00:00:00,0.8181818181818183,0.87705356,7.2,validacao,V44,LSTM,"/media/marcos/Marcos/Codigos/Predicao_Cafe_Arabica/Teste_2_reuniao_16_dez_ajuste_seed/temp_models/trial_215
Modelo LSTM. Treino: 2012 a 2021. Validação: 2022. Teste: 2023.
Dataset: V44.
Obs: ajuste de seed

Hyperparams:
input_size: 9h: 1lr: 0.00020212646257973752batch: 32encoder n layers: 1decoder layers: 1",2026-01-07T15:31:02
2022_cluster_4,Turmalina,2022-12-31T00:00:00,1.205163043478261,1.641269,36.19,validacao,V44,LSTM,"/media/marcos/Marcos/Codigos/Predicao_Cafe_Arabica/Teste_2_reuniao_16_dez_ajuste_seed/temp_models/trial_215
Modelo LSTM. Treino: 2012 a 2021. Validação: 2022. Teste: 2023.
Dataset: V44.
Obs: ajuste de seed

Hyperparams:
input_size: 9h: 1lr: 0.00020212646257973752batch: 32encoder n layers: 1decoder layers: 1",2026-01-07T15:31:02
2022_cluster_4,Urucuia,2022-12-31T00:00:00,1.9193245778611627,1.952882,1.75,validacao,V44,LSTM,"/media/marcos/Marcos/Codigos/Predicao_Cafe_Arabica/Teste_2_reuniao_16_dez_ajuste_seed/temp_models/trial_215
Modelo LSTM. Treino: 2012 a 2021. Validação: 2022. Teste: 2023.
Dataset: V44.
Obs: ajuste de seed

Hyperparams:
input_size: 9h: 1lr: 0.00020212646257973752batch: 32encoder n layers: 1decoder layers: 1",2026-01-07T15:31:02
2022_cluster_4,Vargem_Grande_do_Rio_Pardo,2022-12-31T00:00:00,1.8000000000000003,2.023789,12.43,validacao,V44,LSTM,"/media/marcos/Marcos/Codigos/Predicao_Cafe_Arabica/Teste_2_reuniao_16_dez_ajuste_seed/temp_models/trial_215
Modelo LSTM. Treino: 2012 a 2021. Validação: 2022. Teste: 2023.
Dataset: V44.
Obs: ajuste de seed

Hyperparams:
input_size: 9h: 1lr: 0.00020212646257973752batch: 32encoder n layers: 1decoder layers: 1",2026-01-07T15:31:02
2022_cluster_4,Varzea_da_Palma,2022-12-31T00:00:00,2.5200000000000005,2.7491634,9.09,validacao,V44,LSTM,"/media/marcos/Marcos/Codigos/Predicao_Cafe_Arabica/Teste_2_reuniao_16_dez_ajuste_seed/temp_models/trial_215
Modelo LSTM. Treino: 2012 a 2021. Validação: 2022. Teste: 2023.
Dataset: V44.
Obs: ajuste de seed

Hyperparams:
input_size: 9h: 1lr: 0.00020212646257973752batch: 32encoder n layers: 1decoder layers: 1",2026-01-07T15:31:02
2022_cluster_4,Abadia_dos_Dourados,2023-12-31T00:00:00,2.103030303030303,1.5025666,28.55,teste,V44,LSTM,"/media/marcos/Marcos/Codigos/Predicao_Cafe_Arabica/Teste_2_reuniao_16_dez_ajuste_seed/temp_models/trial_215
Modelo LSTM. Treino: 2012 a 2021. Validação: 2022. Teste: 2023.
Dataset: V44.
Obs: ajuste de seed

Hyperparams:
input_size: 9h: 1lr: 0.00020212646257973752batch: 32encoder n layers: 1decoder layers: 1",2026-01-07T15:31:02
2022_cluster_4,Acucena,2023-12-31T00:00:00,1.6666666666666672,0.8921592,46.47,teste,V44,LSTM,"/media/marcos/Marcos/Codigos/Predicao_Cafe_Arabica/Teste_2_reuniao_16_dez_ajuste_seed/temp_models/trial_215
Modelo LSTM. Treino: 2012 a 2021. Validação: 2022. Teste: 2023.
Dataset: V44.
Obs: ajuste de seed

Hyperparams:
input_size: 9h: 1lr: 0.00020212646257973752batch: 32encoder n layers: 1decoder layers: 1",2026-01-07T15:31:02
2022_cluster_4,Agua_Boa,2023-12-31T00:00:00,1.213636363636364,0.94253504,22.34,teste,V44,LSTM,"/media/marcos/Marcos/Codigos/Predicao_Cafe_Arabica/Teste_2_reuniao_16_dez_ajuste_seed/temp_models/trial_215
Modelo LSTM. Treino: 2012 a 2021. Validação: 2022. Teste: 2023.
Dataset: V44.
Obs: ajuste de seed

Hyperparams:
input_size: 9h: 1lr: 0.00020212646257973752batch: 32encoder n layers: 1decoder layers: 1",2026-01-07T15:31:02
2022_cluster_4,Aguas_Vermelhas,2023-12-31T00:00:00,3.0,2.5225196,15.92,teste,V44,LSTM,"/media/marcos/Marcos/Codigos/Predicao_Cafe_Arabica/Teste_2_reuniao_16_dez_ajuste_seed/temp_models/trial_215
Modelo LSTM. Treino: 2012 a 2021. Validação: 2022. Teste: 2023.
Dataset: V44.
Obs: ajuste de seed

Hyperparams:
input_size: 9h: 1lr: 0.00020212646257973752batch: 32encoder n layers: 1decoder layers: 1",2026-01-07T15:31:02
2022_cluster_4,Angelandia,2023-12-31T00:00:00,2.095663265306122,1.4212656,32.18,teste,V44,LSTM,"/media/marcos/Marcos/Codigos/Predicao_Cafe_Arabica/Teste_2_reuniao_16_dez_ajuste_seed/temp_models/trial_215
Modelo LSTM. Treino: 2012 a 2021. Validação: 2022. Teste: 2023.
Dataset: V44.
Obs: ajuste de seed

Hyperparams:
input_size: 9h: 1lr: 0.00020212646257973752batch: 32encoder n layers: 1decoder layers: 1",2026-01-07T15:31:02
2022_cluster_4,Aricanduva,2023-12-31T00:00:00,1.2,0.993735,17.19,teste,V44,LSTM,"/media/marcos/Marcos/Codigos/Predicao_Cafe_Arabica/Teste_2_reuniao_16_dez_ajuste_seed/temp_models/trial_215
Modelo LSTM. Treino: 2012 a 2021. Validação: 2022. Teste: 2023.
Dataset: V44.
Obs: ajuste de seed

Hyperparams:
input_size: 9h: 1lr: 0.00020212646257973752batch: 32encoder n layers: 1decoder layers: 1",2026-01-07T15:31:02
2022_cluster_4,Ataleia,2023-12-31T00:00:00,0.6833333333333333,0.76003313,11.22,teste,V44,LSTM,"/media/marcos/Marcos/Codigos/Predicao_Cafe_Arabica/Teste_2_reuniao_16_dez_ajuste_seed/temp_models/trial_215
Modelo LSTM. Treino: 2012 a 2021. Validação: 2022. Teste: 2023.
Dataset: V44.
Obs: ajuste de seed

Hyperparams:
input_size: 9h: 1lr: 0.00020212646257973752batch: 32encoder n layers: 1decoder layers: 1",2026-01-07T15:31:02
2022_cluster_4,Bandeira,2023-12-31T00:00:00,0.9500000000000001,1.1027969,16.08,teste,V44,LSTM,"/media/marcos/Marcos/Codigos/Predicao_Cafe_Arabica/Teste_2_reuniao_16_dez_ajuste_seed/temp_models/trial_215
Modelo LSTM. Treino: 2012 a 2021. Validação: 2022. Teste: 2023.
Dataset: V44.
Obs: ajuste de seed

Hyperparams:
input_size: 9h: 1lr: 0.00020212646257973752batch: 32encoder n layers: 1decoder layers: 1",2026-01-07T15:31:02
2022_cluster_4,Berilo,2023-12-31T00:00:00,1.7988826815642458,1.3444043,25.26,teste,V44,LSTM,"/media/marcos/Marcos/Codigos/Predicao_Cafe_Arabica/Teste_2_reuniao_16_dez_ajuste_seed/temp_models/trial_215
Modelo LSTM. Treino: 2012 a 2021. Validação: 2022. Teste: 2023.
Dataset: V44.
Obs: ajuste de seed

Hyperparams:
input_size: 9h: 1lr: 0.00020212646257973752batch: 32encoder n layers: 1decoder layers: 1",2026-01-07T15:31:02
2022_cluster_4,Berizal,2023-12-31T00:00:00,3.5709677419354837,2.0723317,41.97,teste,V44,LSTM,"/media/marcos/Marcos/Codigos/Predicao_Cafe_Arabica/Teste_2_reuniao_16_dez_ajuste_seed/temp_models/trial_215
Modelo LSTM. Treino: 2012 a 2021. Validação: 2022. Teste: 2023.
Dataset: V44.
Obs: ajuste de seed

Hyperparams:
input_size: 9h: 1lr: 0.00020212646257973752batch: 32encoder n layers: 1decoder layers: 1",2026-01-07T15:31:02
2022_cluster_4,Bonfinopolis_de_Minas,2023-12-31T00:00:00,3.0,2.5419703,15.27,teste,V44,LSTM,"/media/marcos/Marcos/Codigos/Predicao_Cafe_Arabica/Teste_2_reuniao_16_dez_ajuste_seed/temp_models/trial_215
Modelo LSTM. Treino: 2012 a 2021. Validação: 2022. Teste: 2023.
Dataset: V44.
Obs: ajuste de seed

Hyperparams:
input_size: 9h: 1lr: 0.00020212646257973752batch: 32encoder n layers: 1decoder layers: 1",2026-01-07T15:31:02
2022_cluster_4,Buritis,2023-12-31T00:00:00,3.0,2.4668946,17.77,teste,V44,LSTM,"/media/marcos/Marcos/Codigos/Predicao_Cafe_Arabica/Teste_2_reuniao_16_dez_ajuste_seed/temp_models/trial_215
Modelo LSTM. Treino: 2012 a 2021. Validação: 2022. Teste: 2023.
Dataset: V44.
Obs: ajuste de seed

Hyperparams:
input_size: 9h: 1lr: 0.00020212646257973752batch: 32encoder n layers: 1decoder layers: 1",2026-01-07T15:31:02
2022_cluster_4,Buritizeiro,2023-12-31T00:00:00,3.0,2.5502772,14.99,teste,V44,LSTM,"/media/marcos/Marcos/Codigos/Predicao_Cafe_Arabica/Teste_2_reuniao_16_dez_ajuste_seed/temp_models/trial_215
Modelo LSTM. Treino: 2012 a 2021. Validação: 2022. Teste: 2023.
Dataset: V44.
Obs: ajuste de seed

Hyperparams:
input_size: 9h: 1lr: 0.00020212646257973752batch: 32encoder n layers: 1decoder layers: 1",2026-01-07T15:31:02
2022_cluster_4,Capelinha,2023-12-31T00:00:00,1.541750580945004,1.2736034,17.39,teste,V44,LSTM,"/media/marcos/Marcos/Codigos/Predicao_Cafe_Arabica/Teste_2_reuniao_16_dez_ajuste_seed/temp_models/trial_215
Modelo LSTM. Treino: 2012 a 2021. Validação: 2022. Teste: 2023.
Dataset: V44.
Obs: ajuste de seed

Hyperparams:
input_size: 9h: 1lr: 0.00020212646257973752batch: 32encoder n layers: 1decoder layers: 1",2026-01-07T15:31:02
2022_cluster_4,Carai,2023-12-31T00:00:00,1.2,1.2209023,1.74,teste,V44,LSTM,"/media/marcos/Marcos/Codigos/Predicao_Cafe_Arabica/Teste_2_reuniao_16_dez_ajuste_seed/temp_models/trial_215
Modelo LSTM. Treino: 2012 a 2021. Validação: 2022. Teste: 2023.
Dataset: V44.
Obs: ajuste de seed

Hyperparams:
input_size: 9h: 1lr: 0.00020212646257973752batch: 32encoder n layers: 1decoder layers: 1",2026-01-07T15:31:02
2022_cluster_4,Caranaiba,2023-12-31T00:00:00,1.45,1.1291672,22.13,teste,V44,LSTM,"/media/marcos/Marcos/Codigos/Predicao_Cafe_Arabica/Teste_2_reuniao_16_dez_ajuste_seed/temp_models/trial_215
Modelo LSTM. Treino: 2012 a 2021. Validação: 2022. Teste: 2023.
Dataset: V44.
Obs: ajuste de seed

Hyperparams:
input_size: 9h: 1lr: 0.00020212646257973752batch: 32encoder n layers: 1decoder layers: 1",2026-01-07T15:31:02
2022_cluster_4,Catuji,2023-12-31T00:00:00,1.384615384615385,1.2499554,9.73,teste,V44,LSTM,"/media/marcos/Marcos/Codigos/Predicao_Cafe_Arabica/Teste_2_reuniao_16_dez_ajuste_seed/temp_models/trial_215
Modelo LSTM. Treino: 2012 a 2021. Validação: 2022. Teste: 2023.
Dataset: V44.
Obs: ajuste de seed

Hyperparams:
input_size: 9h: 1lr: 0.00020212646257973752batch: 32encoder n layers: 1decoder layers: 1",2026-01-07T15:31:02
2022_cluster_4,Congonhas_do_Norte,2023-12-31T00:00:00,1.111111111111111,0.7675841,30.92,teste,V44,LSTM,"/media/marcos/Marcos/Codigos/Predicao_Cafe_Arabica/Teste_2_reuniao_16_dez_ajuste_seed/temp_models/trial_215
Modelo LSTM. Treino: 2012 a 2021. Validação: 2022. Teste: 2023.
Dataset: V44.
Obs: ajuste de seed

Hyperparams:
input_size: 9h: 1lr: 0.00020212646257973752batch: 32encoder n layers: 1decoder layers: 1",2026-01-07T15:31:02
2022_cluster_4,Coroaci,2023-12-31T00:00:00,2.4,1.5787973,34.22,teste,V44,LSTM,"/media/marcos/Marcos/Codigos/Predicao_Cafe_Arabica/Teste_2_reuniao_16_dez_ajuste_seed/temp_models/trial_215
Modelo LSTM. Treino: 2012 a 2021. Validação: 2022. Teste: 2023.
Dataset: V44.
Obs: ajuste de seed

Hyperparams:
input_size: 9h: 1lr: 0.00020212646257973752batch: 32encoder n layers: 1decoder layers: 1",2026-01-07T15:31:02
2022_cluster_4,Cuparaque,2023-12-31T00:00:00,1.318367346938776,1.035151,21.48,teste,V44,LSTM,"/media/marcos/Marcos/Codigos/Predicao_Cafe_Arabica/Teste_2_reuniao_16_dez_ajuste_seed/temp_models/trial_215
Modelo LSTM. Treino: 2012 a 2021. Validação: 2022. Teste: 2023.
Dataset: V44.
Obs: ajuste de seed

Hyperparams:
input_size: 9h: 1lr: 0.00020212646257973752batch: 32encoder n layers: 1decoder layers: 1",2026-01-07T15:31:02
2022_cluster_4,Diamantina,2023-12-31T00:00:00,2.9651837524177953,1.8839643,36.46,teste,V44,LSTM,"/media/marcos/Marcos/Codigos/Predicao_Cafe_Arabica/Teste_2_reuniao_16_dez_ajuste_seed/temp_models/trial_215
Modelo LSTM. Treino: 2012 a 2021. Validação: 2022. Teste: 2023.
Dataset: V44.
Obs: ajuste de seed

Hyperparams:
input_size: 9h: 1lr: 0.00020212646257973752batch: 32encoder n layers: 1decoder layers: 1",2026-01-07T15:31:02
2022_cluster_4,Formoso,2023-12-31T00:00:00,3.3803921568627446,2.568715,24.01,teste,V44,LSTM,"/media/marcos/Marcos/Codigos/Predicao_Cafe_Arabica/Teste_2_reuniao_16_dez_ajuste_seed/temp_models/trial_215
Modelo LSTM. Treino: 2012 a 2021. Validação: 2022. Teste: 2023.
Dataset: V44.
Obs: ajuste de seed

Hyperparams:
input_size: 9h: 1lr: 0.00020212646257973752batch: 32encoder n layers: 1decoder layers: 1",2026-01-07T15:31:02
2022_cluster_4,Franciscopolis,2023-12-31T00:00:00,1.2,1.4548216,21.24,teste,V44,LSTM,"/media/marcos/Marcos/Codigos/Predicao_Cafe_Arabica/Teste_2_reuniao_16_dez_ajuste_seed/temp_models/trial_215
Modelo LSTM. Treino: 2012 a 2021. Validação: 2022. Teste: 2023.
Dataset: V44.
Obs: ajuste de seed

Hyperparams:
input_size: 9h: 1lr: 0.00020212646257973752batch: 32encoder n layers: 1decoder layers: 1",2026-01-07T15:31:02
2022_cluster_4,Frei_Gaspar,2023-12-31T00:00:00,1.2,1.1666689,2.78,teste,V44,LSTM,"/media/marcos/Marcos/Codigos/Predicao_Cafe_Arabica/Teste_2_reuniao_16_dez_ajuste_seed/temp_models/trial_215
Modelo LSTM. Treino: 2012 a 2021. Validação: 2022. Teste: 2023.
Dataset: V44.
Obs: ajuste de seed

Hyperparams:
input_size: 9h: 1lr: 0.00020212646257973752batch: 32encoder n layers: 1decoder layers: 1",2026-01-07T15:31:02
2022_cluster_4,Grao_Mogol,2023-12-31T00:00:00,1.155555555555555,1.1777829,1.92,teste,V44,LSTM,"/media/marcos/Marcos/Codigos/Predicao_Cafe_Arabica/Teste_2_reuniao_16_dez_ajuste_seed/temp_models/trial_215
Modelo LSTM. Treino: 2012 a 2021. Validação: 2022. Teste: 2023.
Dataset: V44.
Obs: ajuste de seed

Hyperparams:
input_size: 9h: 1lr: 0.00020212646257973752batch: 32encoder n layers: 1decoder layers: 1",2026-01-07T15:31:02
2022_cluster_4,Indaiabira,2023-12-31T00:00:00,1.9320754716981128,2.2345738,15.66,teste,V44,LSTM,"/media/marcos/Marcos/Codigos/Predicao_Cafe_Arabica/Teste_2_reuniao_16_dez_ajuste_seed/temp_models/trial_215
Modelo LSTM. Treino: 2012 a 2021. Validação: 2022. Teste: 2023.
Dataset: V44.
Obs: ajuste de seed

Hyperparams:
input_size: 9h: 1lr: 0.00020212646257973752batch: 32encoder n layers: 1decoder layers: 1",2026-01-07T15:31:02
2022_cluster_4,Itabirinha,2023-12-31T00:00:00,1.027027027027027,0.8430853,17.91,teste,V44,LSTM,"/media/marcos/Marcos/Codigos/Predicao_Cafe_Arabica/Teste_2_reuniao_16_dez_ajuste_seed/temp_models/trial_215
Modelo LSTM. Treino: 2012 a 2021. Validação: 2022. Teste: 2023.
Dataset: V44.
Obs: ajuste de seed

Hyperparams:
input_size: 9h: 1lr: 0.00020212646257973752batch: 32encoder n layers: 1decoder layers: 1",2026-01-07T15:31:02
2022_cluster_4,Itacambira,2023-12-31T00:00:00,0.75,1.2613959,68.19,teste,V44,LSTM,"/media/marcos/Marcos/Codigos/Predicao_Cafe_Arabica/Teste_2_reuniao_16_dez_ajuste_seed/temp_models/trial_215
Modelo LSTM. Treino: 2012 a 2021. Validação: 2022. Teste: 2023.
Dataset: V44.
Obs: ajuste de seed

Hyperparams:
input_size: 9h: 1lr: 0.00020212646257973752batch: 32encoder n layers: 1decoder layers: 1",2026-01-07T15:31:02
2022_cluster_4,Itaipe,2023-12-31T00:00:00,0.9598214285714286,0.8920786,7.06,teste,V44,LSTM,"/media/marcos/Marcos/Codigos/Predicao_Cafe_Arabica/Teste_2_reuniao_16_dez_ajuste_seed/temp_models/trial_215
Modelo LSTM. Treino: 2012 a 2021. Validação: 2022. Teste: 2023.
Dataset: V44.
Obs: ajuste de seed

Hyperparams:
input_size: 9h: 1lr: 0.00020212646257973752batch: 32encoder n layers: 1decoder layers: 1",2026-01-07T15:31:02
2022_cluster_4,Itamarandiba,2023-12-31T00:00:00,2.4,1.3661321,43.08,teste,V44,LSTM,"/media/marcos/Marcos/Codigos/Predicao_Cafe_Arabica/Teste_2_reuniao_16_dez_ajuste_seed/temp_models/trial_215
Modelo LSTM. Treino: 2012 a 2021. Validação: 2022. Teste: 2023.
Dataset: V44.
Obs: ajuste de seed

Hyperparams:
input_size: 9h: 1lr: 0.00020212646257973752batch: 32encoder n layers: 1decoder layers: 1",2026-01-07T15:31:02
2022_cluster_4,Itambacuri,2023-12-31T00:00:00,0.8987341772151899,0.9437033,5.0,teste,V44,LSTM,"/media/marcos/Marcos/Codigos/Predicao_Cafe_Arabica/Teste_2_reuniao_16_dez_ajuste_seed/temp_models/trial_215
Modelo LSTM. Treino: 2012 a 2021. Validação: 2022. Teste: 2023.
Dataset: V44.
Obs: ajuste de seed

Hyperparams:
input_size: 9h: 1lr: 0.00020212646257973752batch: 32encoder n layers: 1decoder layers: 1",2026-01-07T15:31:02
2022_cluster_4,Jequitinhonha,2023-12-31T00:00:00,2.7000000000000006,1.9400655,28.15,teste,V44,LSTM,"/media/marcos/Marcos/Codigos/Predicao_Cafe_Arabica/Teste_2_reuniao_16_dez_ajuste_seed/temp_models/trial_215
Modelo LSTM. Treino: 2012 a 2021. Validação: 2022. Teste: 2023.
Dataset: V44.
Obs: ajuste de seed

Hyperparams:
input_size: 9h: 1lr: 0.00020212646257973752batch: 32encoder n layers: 1decoder layers: 1",2026-01-07T15:31:02
2022_cluster_4,Joao_Pinheiro,2023-12-31T00:00:00,3.3,2.398413,27.32,teste,V44,LSTM,"/media/marcos/Marcos/Codigos/Predicao_Cafe_Arabica/Teste_2_reuniao_16_dez_ajuste_seed/temp_models/trial_215
Modelo LSTM. Treino: 2012 a 2021. Validação: 2022. Teste: 2023.
Dataset: V44.
Obs: ajuste de seed

Hyperparams:
input_size: 9h: 1lr: 0.00020212646257973752batch: 32encoder n layers: 1decoder layers: 1",2026-01-07T15:31:02
2022_cluster_4,Jose_Goncalves_de_Minas,2023-12-31T00:00:00,1.3210526315789468,1.5235109,15.33,teste,V44,LSTM,"/media/marcos/Marcos/Codigos/Predicao_Cafe_Arabica/Teste_2_reuniao_16_dez_ajuste_seed/temp_models/trial_215
Modelo LSTM. Treino: 2012 a 2021. Validação: 2022. Teste: 2023.
Dataset: V44.
Obs: ajuste de seed

Hyperparams:
input_size: 9h: 1lr: 0.00020212646257973752batch: 32encoder n layers: 1decoder layers: 1",2026-01-07T15:31:02
2022_cluster_4,Juiz_de_Fora,2023-12-31T00:00:00,0.7142857142857143,0.8064343,12.9,teste,V44,LSTM,"/media/marcos/Marcos/Codigos/Predicao_Cafe_Arabica/Teste_2_reuniao_16_dez_ajuste_seed/temp_models/trial_215
Modelo LSTM. Treino: 2012 a 2021. Validação: 2022. Teste: 2023.
Dataset: V44.
Obs: ajuste de seed

Hyperparams:
input_size: 9h: 1lr: 0.00020212646257973752batch: 32encoder n layers: 1decoder layers: 1",2026-01-07T15:31:02
2022_cluster_4,Ladainha,2023-12-31T00:00:00,1.081818181818182,0.8651544,20.03,teste,V44,LSTM,"/media/marcos/Marcos/Codigos/Predicao_Cafe_Arabica/Teste_2_reuniao_16_dez_ajuste_seed/temp_models/trial_215
Modelo LSTM. Treino: 2012 a 2021. Validação: 2022. Teste: 2023.
Dataset: V44.
Obs: ajuste de seed

Hyperparams:
input_size: 9h: 1lr: 0.00020212646257973752batch: 32encoder n layers: 1decoder layers: 1",2026-01-07T15:31:02
2022_cluster_4,Malacacheta,2023-12-31T00:00:00,1.619230769230769,1.5563483,3.88,teste,V44,LSTM,"/media/marcos/Marcos/Codigos/Predicao_Cafe_Arabica/Teste_2_reuniao_16_dez_ajuste_seed/temp_models/trial_215
Modelo LSTM. Treino: 2012 a 2021. Validação: 2022. Teste: 2023.
Dataset: V44.
Obs: ajuste de seed

Hyperparams:
input_size: 9h: 1lr: 0.00020212646257973752batch: 32encoder n layers: 1decoder layers: 1",2026-01-07T15:31:02
2022_cluster_4,Mantena,2023-12-31T00:00:00,1.2,0.59268385,50.61,teste,V44,LSTM,"/media/marcos/Marcos/Codigos/Predicao_Cafe_Arabica/Teste_2_reuniao_16_dez_ajuste_seed/temp_models/trial_215
Modelo LSTM. Treino: 2012 a 2021. Validação: 2022. Teste: 2023.
Dataset: V44.
Obs: ajuste de seed

Hyperparams:
input_size: 9h: 1lr: 0.00020212646257973752batch: 32encoder n layers: 1decoder layers: 1",2026-01-07T15:31:02
2022_cluster_4,Minas_Novas,2023-12-31T00:00:00,1.26,1.4588394,15.78,teste,V44,LSTM,"/media/marcos/Marcos/Codigos/Predicao_Cafe_Arabica/Teste_2_reuniao_16_dez_ajuste_seed/temp_models/trial_215
Modelo LSTM. Treino: 2012 a 2021. Validação: 2022. Teste: 2023.
Dataset: V44.
Obs: ajuste de seed

Hyperparams:
input_size: 9h: 1lr: 0.00020212646257973752batch: 32encoder n layers: 1decoder layers: 1",2026-01-07T15:31:02
2022_cluster_4,Monte_Formoso,2023-12-31T00:00:00,0.6000000000000001,0.8793093,46.55,teste,V44,LSTM,"/media/marcos/Marcos/Codigos/Predicao_Cafe_Arabica/Teste_2_reuniao_16_dez_ajuste_seed/temp_models/trial_215
Modelo LSTM. Treino: 2012 a 2021. Validação: 2022. Teste: 2023.
Dataset: V44.
Obs: ajuste de seed

Hyperparams:
input_size: 9h: 1lr: 0.00020212646257973752batch: 32encoder n layers: 1decoder layers: 1",2026-01-07T15:31:02
2022_cluster_4,Ninheira,2023-12-31T00:00:00,3.0,2.6713166,10.96,teste,V44,LSTM,"/media/marcos/Marcos/Codigos/Predicao_Cafe_Arabica/Teste_2_reuniao_16_dez_ajuste_seed/temp_models/trial_215
Modelo LSTM. Treino: 2012 a 2021. Validação: 2022. Teste: 2023.
Dataset: V44.
Obs: ajuste de seed

Hyperparams:
input_size: 9h: 1lr: 0.00020212646257973752batch: 32encoder n layers: 1decoder layers: 1",2026-01-07T15:31:02
2022_cluster_4,Nova_Belem,2023-12-31T00:00:00,0.9599999999999999,0.8592256,10.5,teste,V44,LSTM,"/media/marcos/Marcos/Codigos/Predicao_Cafe_Arabica/Teste_2_reuniao_16_dez_ajuste_seed/temp_models/trial_215
Modelo LSTM. Treino: 2012 a 2021. Validação: 2022. Teste: 2023.
Dataset: V44.
Obs: ajuste de seed

Hyperparams:
input_size: 9h: 1lr: 0.00020212646257973752batch: 32encoder n layers: 1decoder layers: 1",2026-01-07T15:31:02
2022_cluster_4,Novo_Cruzeiro,2023-12-31T00:00:00,1.209891435464415,1.1532209,4.68,teste,V44,LSTM,"/media/marcos/Marcos/Codigos/Predicao_Cafe_Arabica/Teste_2_reuniao_16_dez_ajuste_seed/temp_models/trial_215
Modelo LSTM. Treino: 2012 a 2021. Validação: 2022. Teste: 2023.
Dataset: V44.
Obs: ajuste de seed

Hyperparams:
input_size: 9h: 1lr: 0.00020212646257973752batch: 32encoder n layers: 1decoder layers: 1",2026-01-07T15:31:02
2022_cluster_4,Novorizonte,2023-12-31T00:00:00,1.333333333333333,1.2396303,7.03,teste,V44,LSTM,"/media/marcos/Marcos/Codigos/Predicao_Cafe_Arabica/Teste_2_reuniao_16_dez_ajuste_seed/temp_models/trial_215
Modelo LSTM. Treino: 2012 a 2021. Validação: 2022. Teste: 2023.
Dataset: V44.
Obs: ajuste de seed

Hyperparams:
input_size: 9h: 1lr: 0.00020212646257973752batch: 32encoder n layers: 1decoder layers: 1",2026-01-07T15:31:02
2022_cluster_4,Ouro_Verde_de_Minas,2023-12-31T00:00:00,2.5,1.213076,51.48,teste,V44,LSTM,"/media/marcos/Marcos/Codigos/Predicao_Cafe_Arabica/Teste_2_reuniao_16_dez_ajuste_seed/temp_models/trial_215
Modelo LSTM. Treino: 2012 a 2021. Validação: 2022. Teste: 2023.
Dataset: V44.
Obs: ajuste de seed

Hyperparams:
input_size: 9h: 1lr: 0.00020212646257973752batch: 32encoder n layers: 1decoder layers: 1",2026-01-07T15:31:02
2022_cluster_4,Padre_Paraiso,2023-12-31T00:00:00,0.7212121212121212,0.6685989,7.3,teste,V44,LSTM,"/media/marcos/Marcos/Codigos/Predicao_Cafe_Arabica/Teste_2_reuniao_16_dez_ajuste_seed/temp_models/trial_215
Modelo LSTM. Treino: 2012 a 2021. Validação: 2022. Teste: 2023.
Dataset: V44.
Obs: ajuste de seed

Hyperparams:
input_size: 9h: 1lr: 0.00020212646257973752batch: 32encoder n layers: 1decoder layers: 1",2026-01-07T15:31:02
2022_cluster_4,Paracatu,2023-12-31T00:00:00,2.4,2.3591442,1.7,teste,V44,LSTM,"/media/marcos/Marcos/Codigos/Predicao_Cafe_Arabica/Teste_2_reuniao_16_dez_ajuste_seed/temp_models/trial_215
Modelo LSTM. Treino: 2012 a 2021. Validação: 2022. Teste: 2023.
Dataset: V44.
Obs: ajuste de seed

Hyperparams:
input_size: 9h: 1lr: 0.00020212646257973752batch: 32encoder n layers: 1decoder layers: 1",2026-01-07T15:31:02
2022_cluster_4,Pedra_Azul,2023-12-31T00:00:00,1.166666666666667,1.2322832,5.62,teste,V44,LSTM,"/media/marcos/Marcos/Codigos/Predicao_Cafe_Arabica/Teste_2_reuniao_16_dez_ajuste_seed/temp_models/trial_215
Modelo LSTM. Treino: 2012 a 2021. Validação: 2022. Teste: 2023.
Dataset: V44.
Obs: ajuste de seed

Hyperparams:
input_size: 9h: 1lr: 0.00020212646257973752batch: 32encoder n layers: 1decoder layers: 1",2026-01-07T15:31:02
2022_cluster_4,Pirapora,2023-12-31T00:00:00,3.6000000000000005,2.8921602,19.66,teste,V44,LSTM,"/media/marcos/Marcos/Codigos/Predicao_Cafe_Arabica/Teste_2_reuniao_16_dez_ajuste_seed/temp_models/trial_215
Modelo LSTM. Treino: 2012 a 2021. Validação: 2022. Teste: 2023.
Dataset: V44.
Obs: ajuste de seed

Hyperparams:
input_size: 9h: 1lr: 0.00020212646257973752batch: 32encoder n layers: 1decoder layers: 1",2026-01-07T15:31:02
2022_cluster_4,Pote,2023-12-31T00:00:00,1.125,0.68541217,39.07,teste,V44,LSTM,"/media/marcos/Marcos/Codigos/Predicao_Cafe_Arabica/Teste_2_reuniao_16_dez_ajuste_seed/temp_models/trial_215
Modelo LSTM. Treino: 2012 a 2021. Validação: 2022. Teste: 2023.
Dataset: V44.
Obs: ajuste de seed

Hyperparams:
input_size: 9h: 1lr: 0.00020212646257973752batch: 32encoder n layers: 1decoder layers: 1",2026-01-07T15:31:02
2022_cluster_4,Rio_Pardo_de_Minas,2023-12-31T00:00:00,2.568224299065421,2.5610151,0.28,teste,V44,LSTM,"/media/marcos/Marcos/Codigos/Predicao_Cafe_Arabica/Teste_2_reuniao_16_dez_ajuste_seed/temp_models/trial_215
Modelo LSTM. Treino: 2012 a 2021. Validação: 2022. Teste: 2023.
Dataset: V44.
Obs: ajuste de seed

Hyperparams:
input_size: 9h: 1lr: 0.00020212646257973752batch: 32encoder n layers: 1decoder layers: 1",2026-01-07T15:31:02
2022_cluster_4,Santa_Barbara_do_Monte_Verde,2023-12-31T00:00:00,1.4,0.91611665,34.56,teste,V44,LSTM,"/media/marcos/Marcos/Codigos/Predicao_Cafe_Arabica/Teste_2_reuniao_16_dez_ajuste_seed/temp_models/trial_215
Modelo LSTM. Treino: 2012 a 2021. Validação: 2022. Teste: 2023.
Dataset: V44.
Obs: ajuste de seed

Hyperparams:
input_size: 9h: 1lr: 0.00020212646257973752batch: 32encoder n layers: 1decoder layers: 1",2026-01-07T15:31:02
2022_cluster_4,Santa_Maria_do_Suacui,2023-12-31T00:00:00,0.6666666666666667,0.80051047,20.08,teste,V44,LSTM,"/media/marcos/Marcos/Codigos/Predicao_Cafe_Arabica/Teste_2_reuniao_16_dez_ajuste_seed/temp_models/trial_215
Modelo LSTM. Treino: 2012 a 2021. Validação: 2022. Teste: 2023.
Dataset: V44.
Obs: ajuste de seed

Hyperparams:
input_size: 9h: 1lr: 0.00020212646257973752batch: 32encoder n layers: 1decoder layers: 1",2026-01-07T15:31:02
2022_cluster_4,Santo_Antonio_do_Retiro,2023-12-31T00:00:00,1.02,1.2535182,22.89,teste,V44,LSTM,"/media/marcos/Marcos/Codigos/Predicao_Cafe_Arabica/Teste_2_reuniao_16_dez_ajuste_seed/temp_models/trial_215
Modelo LSTM. Treino: 2012 a 2021. Validação: 2022. Teste: 2023.
Dataset: V44.
Obs: ajuste de seed

Hyperparams:
input_size: 9h: 1lr: 0.00020212646257973752batch: 32encoder n layers: 1decoder layers: 1",2026-01-07T15:31:02
2022_cluster_4,Sao_Goncalo_do_Rio_Preto,2023-12-31T00:00:00,2.868421052631579,1.7115242,40.33,teste,V44,LSTM,"/media/marcos/Marcos/Codigos/Predicao_Cafe_Arabica/Teste_2_reuniao_16_dez_ajuste_seed/temp_models/trial_215
Modelo LSTM. Treino: 2012 a 2021. Validação: 2022. Teste: 2023.
Dataset: V44.
Obs: ajuste de seed

Hyperparams:
input_size: 9h: 1lr: 0.00020212646257973752batch: 32encoder n layers: 1decoder layers: 1",2026-01-07T15:31:02
2022_cluster_4,Sao_Joao_do_Manteninha,2023-12-31T00:00:00,1.2,0.79286844,33.93,teste,V44,LSTM,"/media/marcos/Marcos/Codigos/Predicao_Cafe_Arabica/Teste_2_reuniao_16_dez_ajuste_seed/temp_models/trial_215
Modelo LSTM. Treino: 2012 a 2021. Validação: 2022. Teste: 2023.
Dataset: V44.
Obs: ajuste de seed

Hyperparams:
input_size: 9h: 1lr: 0.00020212646257973752batch: 32encoder n layers: 1decoder layers: 1",2026-01-07T15:31:02
2022_cluster_4,Sao_Joao_do_Paraiso,2023-12-31T00:00:00,3.601190476190476,2.6726446,25.78,teste,V44,LSTM,"/media/marcos/Marcos/Codigos/Predicao_Cafe_Arabica/Teste_2_reuniao_16_dez_ajuste_seed/temp_models/trial_215
Modelo LSTM. Treino: 2012 a 2021. Validação: 2022. Teste: 2023.
Dataset: V44.
Obs: ajuste de seed

Hyperparams:
input_size: 9h: 1lr: 0.00020212646257973752batch: 32encoder n layers: 1decoder layers: 1",2026-01-07T15:31:02
2022_cluster_4,Sao_Sebastiao_do_Maranhao,2023-12-31T00:00:00,1.2,0.8920841,25.66,teste,V44,LSTM,"/media/marcos/Marcos/Codigos/Predicao_Cafe_Arabica/Teste_2_reuniao_16_dez_ajuste_seed/temp_models/trial_215
Modelo LSTM. Treino: 2012 a 2021. Validação: 2022. Teste: 2023.
Dataset: V44.
Obs: ajuste de seed

Hyperparams:
input_size: 9h: 1lr: 0.00020212646257973752batch: 32encoder n layers: 1decoder layers: 1",2026-01-07T15:31:02
2022_cluster_4,Senador_Modestino_Goncalves,2023-12-31T00:00:00,2.7000000000000006,1.779651,34.09,teste,V44,LSTM,"/media/marcos/Marcos/Codigos/Predicao_Cafe_Arabica/Teste_2_reuniao_16_dez_ajuste_seed/temp_models/trial_215
Modelo LSTM. Treino: 2012 a 2021. Validação: 2022. Teste: 2023.
Dataset: V44.
Obs: ajuste de seed

Hyperparams:
input_size: 9h: 1lr: 0.00020212646257973752batch: 32encoder n layers: 1decoder layers: 1",2026-01-07T15:31:02
2022_cluster_4,Setubinha,2023-12-31T00:00:00,1.2,0.9255788,22.87,teste,V44,LSTM,"/media/marcos/Marcos/Codigos/Predicao_Cafe_Arabica/Teste_2_reuniao_16_dez_ajuste_seed/temp_models/trial_215
Modelo LSTM. Treino: 2012 a 2021. Validação: 2022. Teste: 2023.
Dataset: V44.
Obs: ajuste de seed

Hyperparams:
input_size: 9h: 1lr: 0.00020212646257973752batch: 32encoder n layers: 1decoder layers: 1",2026-01-07T15:31:02
2022_cluster_4,Taiobeiras,2023-12-31T00:00:00,3.0,2.6940334,10.2,teste,V44,LSTM,"/media/marcos/Marcos/Codigos/Predicao_Cafe_Arabica/Teste_2_reuniao_16_dez_ajuste_seed/temp_models/trial_215
Modelo LSTM. Treino: 2012 a 2021. Validação: 2022. Teste: 2023.
Dataset: V44.
Obs: ajuste de seed

Hyperparams:
input_size: 9h: 1lr: 0.00020212646257973752batch: 32encoder n layers: 1decoder layers: 1",2026-01-07T15:31:02
2022_cluster_4,Teofilo_Otoni,2023-12-31T00:00:00,1.2,0.77429545,35.48,teste,V44,LSTM,"/media/marcos/Marcos/Codigos/Predicao_Cafe_Arabica/Teste_2_reuniao_16_dez_ajuste_seed/temp_models/trial_215
Modelo LSTM. Treino: 2012 a 2021. Validação: 2022. Teste: 2023.
Dataset: V44.
Obs: ajuste de seed

Hyperparams:
input_size: 9h: 1lr: 0.00020212646257973752batch: 32encoder n layers: 1decoder layers: 1",2026-01-07T15:31:02
2022_cluster_4,Turmalina,2023-12-31T00:00:00,1.360606060606061,1.4758823,8.47,teste,V44,LSTM,"/media/marcos/Marcos/Codigos/Predicao_Cafe_Arabica/Teste_2_reuniao_16_dez_ajuste_seed/temp_models/trial_215
Modelo LSTM. Treino: 2012 a 2021. Validação: 2022. Teste: 2023.
Dataset: V44.
Obs: ajuste de seed

Hyperparams:
input_size: 9h: 1lr: 0.00020212646257973752batch: 32encoder n layers: 1decoder layers: 1",2026-01-07T15:31:02
2022_cluster_4,Urucuia,2023-12-31T00:00:00,2.0994575045207946,1.7085481,18.62,teste,V44,LSTM,"/media/marcos/Marcos/Codigos/Predicao_Cafe_Arabica/Teste_2_reuniao_16_dez_ajuste_seed/temp_models/trial_215
Modelo LSTM. Treino: 2012 a 2021. Validação: 2022. Teste: 2023.
Dataset: V44.
Obs: ajuste de seed

Hyperparams:
input_size: 9h: 1lr: 0.00020212646257973752batch: 32encoder n layers: 1decoder layers: 1",2026-01-07T15:31:02
2022_cluster_4,Vargem_Grande_do_Rio_Pardo,2023-12-31T00:00:00,2.1,1.5066388,28.26,teste,V44,LSTM,"/media/marcos/Marcos/Codigos/Predicao_Cafe_Arabica/Teste_2_reuniao_16_dez_ajuste_seed/temp_models/trial_215
Modelo LSTM. Treino: 2012 a 2021. Validação: 2022. Teste: 2023.
Dataset: V44.
Obs: ajuste de seed

Hyperparams:
input_size: 9h: 1lr: 0.00020212646257973752batch: 32encoder n layers: 1decoder layers: 1",2026-01-07T15:31:02
2022_cluster_4,Varzea_da_Palma,2023-12-31T00:00:00,3.3,2.4732552,25.05,teste,V44,LSTM,"/media/marcos/Marcos/Codigos/Predicao_Cafe_Arabica/Teste_2_reuniao_16_dez_ajuste_seed/temp_models/trial_215
Modelo LSTM. Treino: 2012 a 2021. Validação: 2022. Teste: 2023.
Dataset: V44.
Obs: ajuste de seed

Hyperparams:
input_size: 9h: 1lr: 0.00020212646257973752batch: 32encoder n layers: 1decoder layers: 1",2026-01-07T15:31:02
