treino_id,unique_id,ds,y,y_pred,diferença_%,flag,dataset,modelo,comentario,data_treino
2023_cluster_2,Abre_Campo,2023-12-31T00:00:00,1.8,1.3520557,24.89,validacao,V44,LSTM,"/media/marcos/Marcos/Codigos/Predicao_Cafe_Arabica/Teste_2_reuniao_16_dez_ajuste_seed_14_01_2026/temp_models/trial_70
Modelo LSTM. Treino: 2012 a 2022. Validação: 2023. Teste: 2024.
Dataset: V44. Log Transform: Não.
Obs: ajuste de seed

Hyperparams:
input_size: 10, h: 1, lr: 0.0001991840160344183, batch: 32, encoder n layers: 3, decoder layers: 3",2026-01-15T00:04:24
2023_cluster_2,Aimores,2023-12-31T00:00:00,1.544827586206897,1.7417085,12.74,validacao,V44,LSTM,"/media/marcos/Marcos/Codigos/Predicao_Cafe_Arabica/Teste_2_reuniao_16_dez_ajuste_seed_14_01_2026/temp_models/trial_70
Modelo LSTM. Treino: 2012 a 2022. Validação: 2023. Teste: 2024.
Dataset: V44. Log Transform: Não.
Obs: ajuste de seed

Hyperparams:
input_size: 10, h: 1, lr: 0.0001991840160344183, batch: 32, encoder n layers: 3, decoder layers: 3",2026-01-15T00:04:24
2023_cluster_2,Alvarenga,2023-12-31T00:00:00,1.75,0.86173993,50.76,validacao,V44,LSTM,"/media/marcos/Marcos/Codigos/Predicao_Cafe_Arabica/Teste_2_reuniao_16_dez_ajuste_seed_14_01_2026/temp_models/trial_70
Modelo LSTM. Treino: 2012 a 2022. Validação: 2023. Teste: 2024.
Dataset: V44. Log Transform: Não.
Obs: ajuste de seed

Hyperparams:
input_size: 10, h: 1, lr: 0.0001991840160344183, batch: 32, encoder n layers: 3, decoder layers: 3",2026-01-15T00:04:24
2023_cluster_2,Andrelandia,2023-12-31T00:00:00,1.8,1.5962888,11.32,validacao,V44,LSTM,"/media/marcos/Marcos/Codigos/Predicao_Cafe_Arabica/Teste_2_reuniao_16_dez_ajuste_seed_14_01_2026/temp_models/trial_70
Modelo LSTM. Treino: 2012 a 2022. Validação: 2023. Teste: 2024.
Dataset: V44. Log Transform: Não.
Obs: ajuste de seed

Hyperparams:
input_size: 10, h: 1, lr: 0.0001991840160344183, batch: 32, encoder n layers: 3, decoder layers: 3",2026-01-15T00:04:24
2023_cluster_2,Antonio_Dias,2023-12-31T00:00:00,1.477272727272727,1.3470994,8.81,validacao,V44,LSTM,"/media/marcos/Marcos/Codigos/Predicao_Cafe_Arabica/Teste_2_reuniao_16_dez_ajuste_seed_14_01_2026/temp_models/trial_70
Modelo LSTM. Treino: 2012 a 2022. Validação: 2023. Teste: 2024.
Dataset: V44. Log Transform: Não.
Obs: ajuste de seed

Hyperparams:
input_size: 10, h: 1, lr: 0.0001991840160344183, batch: 32, encoder n layers: 3, decoder layers: 3",2026-01-15T00:04:24
2023_cluster_2,Antonio_Prado_de_Minas,2023-12-31T00:00:00,1.485714285714286,1.1095302,25.32,validacao,V44,LSTM,"/media/marcos/Marcos/Codigos/Predicao_Cafe_Arabica/Teste_2_reuniao_16_dez_ajuste_seed_14_01_2026/temp_models/trial_70
Modelo LSTM. Treino: 2012 a 2022. Validação: 2023. Teste: 2024.
Dataset: V44. Log Transform: Não.
Obs: ajuste de seed

Hyperparams:
input_size: 10, h: 1, lr: 0.0001991840160344183, batch: 32, encoder n layers: 3, decoder layers: 3",2026-01-15T00:04:24
2023_cluster_2,Bocaiuva,2023-12-31T00:00:00,3.0,2.759571,8.01,validacao,V44,LSTM,"/media/marcos/Marcos/Codigos/Predicao_Cafe_Arabica/Teste_2_reuniao_16_dez_ajuste_seed_14_01_2026/temp_models/trial_70
Modelo LSTM. Treino: 2012 a 2022. Validação: 2023. Teste: 2024.
Dataset: V44. Log Transform: Não.
Obs: ajuste de seed

Hyperparams:
input_size: 10, h: 1, lr: 0.0001991840160344183, batch: 32, encoder n layers: 3, decoder layers: 3",2026-01-15T00:04:24
2023_cluster_2,Bom_Jesus_do_Amparo,2023-12-31T00:00:00,1.25,1.5573579,24.59,validacao,V44,LSTM,"/media/marcos/Marcos/Codigos/Predicao_Cafe_Arabica/Teste_2_reuniao_16_dez_ajuste_seed_14_01_2026/temp_models/trial_70
Modelo LSTM. Treino: 2012 a 2022. Validação: 2023. Teste: 2024.
Dataset: V44. Log Transform: Não.
Obs: ajuste de seed

Hyperparams:
input_size: 10, h: 1, lr: 0.0001991840160344183, batch: 32, encoder n layers: 3, decoder layers: 3",2026-01-15T00:04:24
2023_cluster_2,Campo_Belo,2023-12-31T00:00:00,1.5,1.3377311,10.82,validacao,V44,LSTM,"/media/marcos/Marcos/Codigos/Predicao_Cafe_Arabica/Teste_2_reuniao_16_dez_ajuste_seed_14_01_2026/temp_models/trial_70
Modelo LSTM. Treino: 2012 a 2022. Validação: 2023. Teste: 2024.
Dataset: V44. Log Transform: Não.
Obs: ajuste de seed

Hyperparams:
input_size: 10, h: 1, lr: 0.0001991840160344183, batch: 32, encoder n layers: 3, decoder layers: 3",2026-01-15T00:04:24
2023_cluster_2,Capela_Nova,2023-12-31T00:00:00,1.8,1.9841555,10.23,validacao,V44,LSTM,"/media/marcos/Marcos/Codigos/Predicao_Cafe_Arabica/Teste_2_reuniao_16_dez_ajuste_seed_14_01_2026/temp_models/trial_70
Modelo LSTM. Treino: 2012 a 2022. Validação: 2023. Teste: 2024.
Dataset: V44. Log Transform: Não.
Obs: ajuste de seed

Hyperparams:
input_size: 10, h: 1, lr: 0.0001991840160344183, batch: 32, encoder n layers: 3, decoder layers: 3",2026-01-15T00:04:24
2023_cluster_2,Capitao_Eneas,2023-12-31T00:00:00,3.0,2.56349,14.55,validacao,V44,LSTM,"/media/marcos/Marcos/Codigos/Predicao_Cafe_Arabica/Teste_2_reuniao_16_dez_ajuste_seed_14_01_2026/temp_models/trial_70
Modelo LSTM. Treino: 2012 a 2022. Validação: 2023. Teste: 2024.
Dataset: V44. Log Transform: Não.
Obs: ajuste de seed

Hyperparams:
input_size: 10, h: 1, lr: 0.0001991840160344183, batch: 32, encoder n layers: 3, decoder layers: 3",2026-01-15T00:04:24
2023_cluster_2,Casa_Grande,2023-12-31T00:00:00,2.523076923076923,1.5927775,36.87,validacao,V44,LSTM,"/media/marcos/Marcos/Codigos/Predicao_Cafe_Arabica/Teste_2_reuniao_16_dez_ajuste_seed_14_01_2026/temp_models/trial_70
Modelo LSTM. Treino: 2012 a 2022. Validação: 2023. Teste: 2024.
Dataset: V44. Log Transform: Não.
Obs: ajuste de seed

Hyperparams:
input_size: 10, h: 1, lr: 0.0001991840160344183, batch: 32, encoder n layers: 3, decoder layers: 3",2026-01-15T00:04:24
2023_cluster_2,Cataguases,2023-12-31T00:00:00,1.333333333333333,1.1014206,17.39,validacao,V44,LSTM,"/media/marcos/Marcos/Codigos/Predicao_Cafe_Arabica/Teste_2_reuniao_16_dez_ajuste_seed_14_01_2026/temp_models/trial_70
Modelo LSTM. Treino: 2012 a 2022. Validação: 2023. Teste: 2024.
Dataset: V44. Log Transform: Não.
Obs: ajuste de seed

Hyperparams:
input_size: 10, h: 1, lr: 0.0001991840160344183, batch: 32, encoder n layers: 3, decoder layers: 3",2026-01-15T00:04:24
2023_cluster_2,Caxambu,2023-12-31T00:00:00,1.316326530612245,1.4183613,7.75,validacao,V44,LSTM,"/media/marcos/Marcos/Codigos/Predicao_Cafe_Arabica/Teste_2_reuniao_16_dez_ajuste_seed_14_01_2026/temp_models/trial_70
Modelo LSTM. Treino: 2012 a 2022. Validação: 2023. Teste: 2024.
Dataset: V44. Log Transform: Não.
Obs: ajuste de seed

Hyperparams:
input_size: 10, h: 1, lr: 0.0001991840160344183, batch: 32, encoder n layers: 3, decoder layers: 3",2026-01-15T00:04:24
2023_cluster_2,Coimbra,2023-12-31T00:00:00,1.8,1.7562835,2.43,validacao,V44,LSTM,"/media/marcos/Marcos/Codigos/Predicao_Cafe_Arabica/Teste_2_reuniao_16_dez_ajuste_seed_14_01_2026/temp_models/trial_70
Modelo LSTM. Treino: 2012 a 2022. Validação: 2023. Teste: 2024.
Dataset: V44. Log Transform: Não.
Obs: ajuste de seed

Hyperparams:
input_size: 10, h: 1, lr: 0.0001991840160344183, batch: 32, encoder n layers: 3, decoder layers: 3",2026-01-15T00:04:24
2023_cluster_2,Conselheiro_Pena,2023-12-31T00:00:00,1.320048602673147,1.5129251,14.61,validacao,V44,LSTM,"/media/marcos/Marcos/Codigos/Predicao_Cafe_Arabica/Teste_2_reuniao_16_dez_ajuste_seed_14_01_2026/temp_models/trial_70
Modelo LSTM. Treino: 2012 a 2022. Validação: 2023. Teste: 2024.
Dataset: V44. Log Transform: Não.
Obs: ajuste de seed

Hyperparams:
input_size: 10, h: 1, lr: 0.0001991840160344183, batch: 32, encoder n layers: 3, decoder layers: 3",2026-01-15T00:04:24
2023_cluster_2,Corrego_Novo,2023-12-31T00:00:00,1.8,1.4294392,20.59,validacao,V44,LSTM,"/media/marcos/Marcos/Codigos/Predicao_Cafe_Arabica/Teste_2_reuniao_16_dez_ajuste_seed_14_01_2026/temp_models/trial_70
Modelo LSTM. Treino: 2012 a 2022. Validação: 2023. Teste: 2024.
Dataset: V44. Log Transform: Não.
Obs: ajuste de seed

Hyperparams:
input_size: 10, h: 1, lr: 0.0001991840160344183, batch: 32, encoder n layers: 3, decoder layers: 3",2026-01-15T00:04:24
2023_cluster_2,Cruzilia,2023-12-31T00:00:00,1.5,1.4179138,5.47,validacao,V44,LSTM,"/media/marcos/Marcos/Codigos/Predicao_Cafe_Arabica/Teste_2_reuniao_16_dez_ajuste_seed_14_01_2026/temp_models/trial_70
Modelo LSTM. Treino: 2012 a 2022. Validação: 2023. Teste: 2024.
Dataset: V44. Log Transform: Não.
Obs: ajuste de seed

Hyperparams:
input_size: 10, h: 1, lr: 0.0001991840160344183, batch: 32, encoder n layers: 3, decoder layers: 3",2026-01-15T00:04:24
2023_cluster_2,Divisopolis,2023-12-31T00:00:00,1.616883116883117,1.4139438,12.55,validacao,V44,LSTM,"/media/marcos/Marcos/Codigos/Predicao_Cafe_Arabica/Teste_2_reuniao_16_dez_ajuste_seed_14_01_2026/temp_models/trial_70
Modelo LSTM. Treino: 2012 a 2022. Validação: 2023. Teste: 2024.
Dataset: V44. Log Transform: Não.
Obs: ajuste de seed

Hyperparams:
input_size: 10, h: 1, lr: 0.0001991840160344183, batch: 32, encoder n layers: 3, decoder layers: 3",2026-01-15T00:04:24
2023_cluster_2,Esmeraldas,2023-12-31T00:00:00,2.222222222222222,2.0655508,7.05,validacao,V44,LSTM,"/media/marcos/Marcos/Codigos/Predicao_Cafe_Arabica/Teste_2_reuniao_16_dez_ajuste_seed_14_01_2026/temp_models/trial_70
Modelo LSTM. Treino: 2012 a 2022. Validação: 2023. Teste: 2024.
Dataset: V44. Log Transform: Não.
Obs: ajuste de seed

Hyperparams:
input_size: 10, h: 1, lr: 0.0001991840160344183, batch: 32, encoder n layers: 3, decoder layers: 3",2026-01-15T00:04:24
2023_cluster_2,Espirito_Santo_do_Dourado,2023-12-31T00:00:00,1.5,1.3648554,9.01,validacao,V44,LSTM,"/media/marcos/Marcos/Codigos/Predicao_Cafe_Arabica/Teste_2_reuniao_16_dez_ajuste_seed_14_01_2026/temp_models/trial_70
Modelo LSTM. Treino: 2012 a 2022. Validação: 2023. Teste: 2024.
Dataset: V44. Log Transform: Não.
Obs: ajuste de seed

Hyperparams:
input_size: 10, h: 1, lr: 0.0001991840160344183, batch: 32, encoder n layers: 3, decoder layers: 3",2026-01-15T00:04:24
2023_cluster_2,Eugenopolis,2023-12-31T00:00:00,1.68,1.6270837,3.15,validacao,V44,LSTM,"/media/marcos/Marcos/Codigos/Predicao_Cafe_Arabica/Teste_2_reuniao_16_dez_ajuste_seed_14_01_2026/temp_models/trial_70
Modelo LSTM. Treino: 2012 a 2022. Validação: 2023. Teste: 2024.
Dataset: V44. Log Transform: Não.
Obs: ajuste de seed

Hyperparams:
input_size: 10, h: 1, lr: 0.0001991840160344183, batch: 32, encoder n layers: 3, decoder layers: 3",2026-01-15T00:04:24
2023_cluster_2,Felicio_dos_Santos,2023-12-31T00:00:00,3.542087542087542,3.1677294,10.57,validacao,V44,LSTM,"/media/marcos/Marcos/Codigos/Predicao_Cafe_Arabica/Teste_2_reuniao_16_dez_ajuste_seed_14_01_2026/temp_models/trial_70
Modelo LSTM. Treino: 2012 a 2022. Validação: 2023. Teste: 2024.
Dataset: V44. Log Transform: Não.
Obs: ajuste de seed

Hyperparams:
input_size: 10, h: 1, lr: 0.0001991840160344183, batch: 32, encoder n layers: 3, decoder layers: 3",2026-01-15T00:04:24
2023_cluster_2,Formiga,2023-12-31T00:00:00,2.021543985637343,1.6404483,18.85,validacao,V44,LSTM,"/media/marcos/Marcos/Codigos/Predicao_Cafe_Arabica/Teste_2_reuniao_16_dez_ajuste_seed_14_01_2026/temp_models/trial_70
Modelo LSTM. Treino: 2012 a 2022. Validação: 2023. Teste: 2024.
Dataset: V44. Log Transform: Não.
Obs: ajuste de seed

Hyperparams:
input_size: 10, h: 1, lr: 0.0001991840160344183, batch: 32, encoder n layers: 3, decoder layers: 3",2026-01-15T00:04:24
2023_cluster_2,Guaraciaba,2023-12-31T00:00:00,1.5,1.4638772,2.41,validacao,V44,LSTM,"/media/marcos/Marcos/Codigos/Predicao_Cafe_Arabica/Teste_2_reuniao_16_dez_ajuste_seed_14_01_2026/temp_models/trial_70
Modelo LSTM. Treino: 2012 a 2022. Validação: 2023. Teste: 2024.
Dataset: V44. Log Transform: Não.
Obs: ajuste de seed

Hyperparams:
input_size: 10, h: 1, lr: 0.0001991840160344183, batch: 32, encoder n layers: 3, decoder layers: 3",2026-01-15T00:04:24
2023_cluster_2,Guiricema,2023-12-31T00:00:00,1.5,2.057907,37.19,validacao,V44,LSTM,"/media/marcos/Marcos/Codigos/Predicao_Cafe_Arabica/Teste_2_reuniao_16_dez_ajuste_seed_14_01_2026/temp_models/trial_70
Modelo LSTM. Treino: 2012 a 2022. Validação: 2023. Teste: 2024.
Dataset: V44. Log Transform: Não.
Obs: ajuste de seed

Hyperparams:
input_size: 10, h: 1, lr: 0.0001991840160344183, batch: 32, encoder n layers: 3, decoder layers: 3",2026-01-15T00:04:24
2023_cluster_2,Iapu,2023-12-31T00:00:00,1.559210526315789,1.4959952,4.05,validacao,V44,LSTM,"/media/marcos/Marcos/Codigos/Predicao_Cafe_Arabica/Teste_2_reuniao_16_dez_ajuste_seed_14_01_2026/temp_models/trial_70
Modelo LSTM. Treino: 2012 a 2022. Validação: 2023. Teste: 2024.
Dataset: V44. Log Transform: Não.
Obs: ajuste de seed

Hyperparams:
input_size: 10, h: 1, lr: 0.0001991840160344183, batch: 32, encoder n layers: 3, decoder layers: 3",2026-01-15T00:04:24
2023_cluster_2,Ijaci,2023-12-31T00:00:00,1.971428571428572,1.6007485,18.8,validacao,V44,LSTM,"/media/marcos/Marcos/Codigos/Predicao_Cafe_Arabica/Teste_2_reuniao_16_dez_ajuste_seed_14_01_2026/temp_models/trial_70
Modelo LSTM. Treino: 2012 a 2022. Validação: 2023. Teste: 2024.
Dataset: V44. Log Transform: Não.
Obs: ajuste de seed

Hyperparams:
input_size: 10, h: 1, lr: 0.0001991840160344183, batch: 32, encoder n layers: 3, decoder layers: 3",2026-01-15T00:04:24
2023_cluster_2,Imbe_de_Minas,2023-12-31T00:00:00,1.38,1.3508797,2.11,validacao,V44,LSTM,"/media/marcos/Marcos/Codigos/Predicao_Cafe_Arabica/Teste_2_reuniao_16_dez_ajuste_seed_14_01_2026/temp_models/trial_70
Modelo LSTM. Treino: 2012 a 2022. Validação: 2023. Teste: 2024.
Dataset: V44. Log Transform: Não.
Obs: ajuste de seed

Hyperparams:
input_size: 10, h: 1, lr: 0.0001991840160344183, batch: 32, encoder n layers: 3, decoder layers: 3",2026-01-15T00:04:24
2023_cluster_2,Inhapim,2023-12-31T00:00:00,2.7,1.5948169,40.93,validacao,V44,LSTM,"/media/marcos/Marcos/Codigos/Predicao_Cafe_Arabica/Teste_2_reuniao_16_dez_ajuste_seed_14_01_2026/temp_models/trial_70
Modelo LSTM. Treino: 2012 a 2022. Validação: 2023. Teste: 2024.
Dataset: V44. Log Transform: Não.
Obs: ajuste de seed

Hyperparams:
input_size: 10, h: 1, lr: 0.0001991840160344183, batch: 32, encoder n layers: 3, decoder layers: 3",2026-01-15T00:04:24
2023_cluster_2,Irai_de_Minas,2023-12-31T00:00:00,2.18825561312608,2.4501624,11.97,validacao,V44,LSTM,"/media/marcos/Marcos/Codigos/Predicao_Cafe_Arabica/Teste_2_reuniao_16_dez_ajuste_seed_14_01_2026/temp_models/trial_70
Modelo LSTM. Treino: 2012 a 2022. Validação: 2023. Teste: 2024.
Dataset: V44. Log Transform: Não.
Obs: ajuste de seed

Hyperparams:
input_size: 10, h: 1, lr: 0.0001991840160344183, batch: 32, encoder n layers: 3, decoder layers: 3",2026-01-15T00:04:24
2023_cluster_2,Itamarati_de_Minas,2023-12-31T00:00:00,1.2,1.0389808,13.42,validacao,V44,LSTM,"/media/marcos/Marcos/Codigos/Predicao_Cafe_Arabica/Teste_2_reuniao_16_dez_ajuste_seed_14_01_2026/temp_models/trial_70
Modelo LSTM. Treino: 2012 a 2022. Validação: 2023. Teste: 2024.
Dataset: V44. Log Transform: Não.
Obs: ajuste de seed

Hyperparams:
input_size: 10, h: 1, lr: 0.0001991840160344183, batch: 32, encoder n layers: 3, decoder layers: 3",2026-01-15T00:04:24
2023_cluster_2,Jequeri,2023-12-31T00:00:00,1.5,1.688273,12.55,validacao,V44,LSTM,"/media/marcos/Marcos/Codigos/Predicao_Cafe_Arabica/Teste_2_reuniao_16_dez_ajuste_seed_14_01_2026/temp_models/trial_70
Modelo LSTM. Treino: 2012 a 2022. Validação: 2023. Teste: 2024.
Dataset: V44. Log Transform: Não.
Obs: ajuste de seed

Hyperparams:
input_size: 10, h: 1, lr: 0.0001991840160344183, batch: 32, encoder n layers: 3, decoder layers: 3",2026-01-15T00:04:24
2023_cluster_2,Lamim,2023-12-31T00:00:00,1.8,1.9360484,7.56,validacao,V44,LSTM,"/media/marcos/Marcos/Codigos/Predicao_Cafe_Arabica/Teste_2_reuniao_16_dez_ajuste_seed_14_01_2026/temp_models/trial_70
Modelo LSTM. Treino: 2012 a 2022. Validação: 2023. Teste: 2024.
Dataset: V44. Log Transform: Não.
Obs: ajuste de seed

Hyperparams:
input_size: 10, h: 1, lr: 0.0001991840160344183, batch: 32, encoder n layers: 3, decoder layers: 3",2026-01-15T00:04:24
2023_cluster_2,Mar_de_Espanha,2023-12-31T00:00:00,1.5625,1.9413344,24.25,validacao,V44,LSTM,"/media/marcos/Marcos/Codigos/Predicao_Cafe_Arabica/Teste_2_reuniao_16_dez_ajuste_seed_14_01_2026/temp_models/trial_70
Modelo LSTM. Treino: 2012 a 2022. Validação: 2023. Teste: 2024.
Dataset: V44. Log Transform: Não.
Obs: ajuste de seed

Hyperparams:
input_size: 10, h: 1, lr: 0.0001991840160344183, batch: 32, encoder n layers: 3, decoder layers: 3",2026-01-15T00:04:24
2023_cluster_2,Mata_Verde,2023-12-31T00:00:00,1.739700374531835,1.4038396,19.31,validacao,V44,LSTM,"/media/marcos/Marcos/Codigos/Predicao_Cafe_Arabica/Teste_2_reuniao_16_dez_ajuste_seed_14_01_2026/temp_models/trial_70
Modelo LSTM. Treino: 2012 a 2022. Validação: 2023. Teste: 2024.
Dataset: V44. Log Transform: Não.
Obs: ajuste de seed

Hyperparams:
input_size: 10, h: 1, lr: 0.0001991840160344183, batch: 32, encoder n layers: 3, decoder layers: 3",2026-01-15T00:04:24
2023_cluster_2,Monte_Alegre_de_Minas,2023-12-31T00:00:00,2.338983050847458,2.4183445,3.39,validacao,V44,LSTM,"/media/marcos/Marcos/Codigos/Predicao_Cafe_Arabica/Teste_2_reuniao_16_dez_ajuste_seed_14_01_2026/temp_models/trial_70
Modelo LSTM. Treino: 2012 a 2022. Validação: 2023. Teste: 2024.
Dataset: V44. Log Transform: Não.
Obs: ajuste de seed

Hyperparams:
input_size: 10, h: 1, lr: 0.0001991840160344183, batch: 32, encoder n layers: 3, decoder layers: 3",2026-01-15T00:04:24
2023_cluster_2,Nova_Era,2023-12-31T00:00:00,2.636363636363636,1.7136323,35.0,validacao,V44,LSTM,"/media/marcos/Marcos/Codigos/Predicao_Cafe_Arabica/Teste_2_reuniao_16_dez_ajuste_seed_14_01_2026/temp_models/trial_70
Modelo LSTM. Treino: 2012 a 2022. Validação: 2023. Teste: 2024.
Dataset: V44. Log Transform: Não.
Obs: ajuste de seed

Hyperparams:
input_size: 10, h: 1, lr: 0.0001991840160344183, batch: 32, encoder n layers: 3, decoder layers: 3",2026-01-15T00:04:24
2023_cluster_2,Nova_Ponte,2023-12-31T00:00:00,2.614285714285714,2.0883095,20.12,validacao,V44,LSTM,"/media/marcos/Marcos/Codigos/Predicao_Cafe_Arabica/Teste_2_reuniao_16_dez_ajuste_seed_14_01_2026/temp_models/trial_70
Modelo LSTM. Treino: 2012 a 2022. Validação: 2023. Teste: 2024.
Dataset: V44. Log Transform: Não.
Obs: ajuste de seed

Hyperparams:
input_size: 10, h: 1, lr: 0.0001991840160344183, batch: 32, encoder n layers: 3, decoder layers: 3",2026-01-15T00:04:24
2023_cluster_2,Paula_Candido,2023-12-31T00:00:00,1.61970802919708,1.5124176,6.62,validacao,V44,LSTM,"/media/marcos/Marcos/Codigos/Predicao_Cafe_Arabica/Teste_2_reuniao_16_dez_ajuste_seed_14_01_2026/temp_models/trial_70
Modelo LSTM. Treino: 2012 a 2022. Validação: 2023. Teste: 2024.
Dataset: V44. Log Transform: Não.
Obs: ajuste de seed

Hyperparams:
input_size: 10, h: 1, lr: 0.0001991840160344183, batch: 32, encoder n layers: 3, decoder layers: 3",2026-01-15T00:04:24
2023_cluster_2,Pecanha,2023-12-31T00:00:00,2.30379746835443,1.8847771,18.19,validacao,V44,LSTM,"/media/marcos/Marcos/Codigos/Predicao_Cafe_Arabica/Teste_2_reuniao_16_dez_ajuste_seed_14_01_2026/temp_models/trial_70
Modelo LSTM. Treino: 2012 a 2022. Validação: 2023. Teste: 2024.
Dataset: V44. Log Transform: Não.
Obs: ajuste de seed

Hyperparams:
input_size: 10, h: 1, lr: 0.0001991840160344183, batch: 32, encoder n layers: 3, decoder layers: 3",2026-01-15T00:04:24
2023_cluster_2,Pedra_Bonita,2023-12-31T00:00:00,1.08,1.4374022,33.09,validacao,V44,LSTM,"/media/marcos/Marcos/Codigos/Predicao_Cafe_Arabica/Teste_2_reuniao_16_dez_ajuste_seed_14_01_2026/temp_models/trial_70
Modelo LSTM. Treino: 2012 a 2022. Validação: 2023. Teste: 2024.
Dataset: V44. Log Transform: Não.
Obs: ajuste de seed

Hyperparams:
input_size: 10, h: 1, lr: 0.0001991840160344183, batch: 32, encoder n layers: 3, decoder layers: 3",2026-01-15T00:04:24
2023_cluster_2,Pedra_Dourada,2023-12-31T00:00:00,1.2,1.1982945,0.14,validacao,V44,LSTM,"/media/marcos/Marcos/Codigos/Predicao_Cafe_Arabica/Teste_2_reuniao_16_dez_ajuste_seed_14_01_2026/temp_models/trial_70
Modelo LSTM. Treino: 2012 a 2022. Validação: 2023. Teste: 2024.
Dataset: V44. Log Transform: Não.
Obs: ajuste de seed

Hyperparams:
input_size: 10, h: 1, lr: 0.0001991840160344183, batch: 32, encoder n layers: 3, decoder layers: 3",2026-01-15T00:04:24
2023_cluster_2,Pedra_do_Anta,2023-12-31T00:00:00,1.5,1.3462648,10.25,validacao,V44,LSTM,"/media/marcos/Marcos/Codigos/Predicao_Cafe_Arabica/Teste_2_reuniao_16_dez_ajuste_seed_14_01_2026/temp_models/trial_70
Modelo LSTM. Treino: 2012 a 2022. Validação: 2023. Teste: 2024.
Dataset: V44. Log Transform: Não.
Obs: ajuste de seed

Hyperparams:
input_size: 10, h: 1, lr: 0.0001991840160344183, batch: 32, encoder n layers: 3, decoder layers: 3",2026-01-15T00:04:24
2023_cluster_2,Piedade_de_Caratinga,2023-12-31T00:00:00,2.4,1.5319108,36.17,validacao,V44,LSTM,"/media/marcos/Marcos/Codigos/Predicao_Cafe_Arabica/Teste_2_reuniao_16_dez_ajuste_seed_14_01_2026/temp_models/trial_70
Modelo LSTM. Treino: 2012 a 2022. Validação: 2023. Teste: 2024.
Dataset: V44. Log Transform: Não.
Obs: ajuste de seed

Hyperparams:
input_size: 10, h: 1, lr: 0.0001991840160344183, batch: 32, encoder n layers: 3, decoder layers: 3",2026-01-15T00:04:24
2023_cluster_2,Pocrane,2023-12-31T00:00:00,1.377952755905512,1.3057195,5.24,validacao,V44,LSTM,"/media/marcos/Marcos/Codigos/Predicao_Cafe_Arabica/Teste_2_reuniao_16_dez_ajuste_seed_14_01_2026/temp_models/trial_70
Modelo LSTM. Treino: 2012 a 2022. Validação: 2023. Teste: 2024.
Dataset: V44. Log Transform: Não.
Obs: ajuste de seed

Hyperparams:
input_size: 10, h: 1, lr: 0.0001991840160344183, batch: 32, encoder n layers: 3, decoder layers: 3",2026-01-15T00:04:24
2023_cluster_2,Presidente_Bernardes,2023-12-31T00:00:00,1.320588235294118,1.4317237,8.42,validacao,V44,LSTM,"/media/marcos/Marcos/Codigos/Predicao_Cafe_Arabica/Teste_2_reuniao_16_dez_ajuste_seed_14_01_2026/temp_models/trial_70
Modelo LSTM. Treino: 2012 a 2022. Validação: 2023. Teste: 2024.
Dataset: V44. Log Transform: Não.
Obs: ajuste de seed

Hyperparams:
input_size: 10, h: 1, lr: 0.0001991840160344183, batch: 32, encoder n layers: 3, decoder layers: 3",2026-01-15T00:04:24
2023_cluster_2,Sabinopolis,2023-12-31T00:00:00,1.2,1.3812096,15.1,validacao,V44,LSTM,"/media/marcos/Marcos/Codigos/Predicao_Cafe_Arabica/Teste_2_reuniao_16_dez_ajuste_seed_14_01_2026/temp_models/trial_70
Modelo LSTM. Treino: 2012 a 2022. Validação: 2023. Teste: 2024.
Dataset: V44. Log Transform: Não.
Obs: ajuste de seed

Hyperparams:
input_size: 10, h: 1, lr: 0.0001991840160344183, batch: 32, encoder n layers: 3, decoder layers: 3",2026-01-15T00:04:24
2023_cluster_2,Santa_Barbara,2023-12-31T00:00:00,1.3,1.0976306,15.57,validacao,V44,LSTM,"/media/marcos/Marcos/Codigos/Predicao_Cafe_Arabica/Teste_2_reuniao_16_dez_ajuste_seed_14_01_2026/temp_models/trial_70
Modelo LSTM. Treino: 2012 a 2022. Validação: 2023. Teste: 2024.
Dataset: V44. Log Transform: Não.
Obs: ajuste de seed

Hyperparams:
input_size: 10, h: 1, lr: 0.0001991840160344183, batch: 32, encoder n layers: 3, decoder layers: 3",2026-01-15T00:04:24
2023_cluster_2,Santo_Antonio_do_Grama,2023-12-31T00:00:00,1.521739130434783,2.0530972,34.92,validacao,V44,LSTM,"/media/marcos/Marcos/Codigos/Predicao_Cafe_Arabica/Teste_2_reuniao_16_dez_ajuste_seed_14_01_2026/temp_models/trial_70
Modelo LSTM. Treino: 2012 a 2022. Validação: 2023. Teste: 2024.
Dataset: V44. Log Transform: Não.
Obs: ajuste de seed

Hyperparams:
input_size: 10, h: 1, lr: 0.0001991840160344183, batch: 32, encoder n layers: 3, decoder layers: 3",2026-01-15T00:04:24
2023_cluster_2,Sao_Domingos_do_Prata,2023-12-31T00:00:00,1.2,1.0087088,15.94,validacao,V44,LSTM,"/media/marcos/Marcos/Codigos/Predicao_Cafe_Arabica/Teste_2_reuniao_16_dez_ajuste_seed_14_01_2026/temp_models/trial_70
Modelo LSTM. Treino: 2012 a 2022. Validação: 2023. Teste: 2024.
Dataset: V44. Log Transform: Não.
Obs: ajuste de seed

Hyperparams:
input_size: 10, h: 1, lr: 0.0001991840160344183, batch: 32, encoder n layers: 3, decoder layers: 3",2026-01-15T00:04:24
2023_cluster_2,Sao_Geraldo,2023-12-31T00:00:00,1.5,1.5127282,0.85,validacao,V44,LSTM,"/media/marcos/Marcos/Codigos/Predicao_Cafe_Arabica/Teste_2_reuniao_16_dez_ajuste_seed_14_01_2026/temp_models/trial_70
Modelo LSTM. Treino: 2012 a 2022. Validação: 2023. Teste: 2024.
Dataset: V44. Log Transform: Não.
Obs: ajuste de seed

Hyperparams:
input_size: 10, h: 1, lr: 0.0001991840160344183, batch: 32, encoder n layers: 3, decoder layers: 3",2026-01-15T00:04:24
2023_cluster_2,Sao_Jose_da_Barra,2023-12-31T00:00:00,2.241369863013698,1.9466122,13.15,validacao,V44,LSTM,"/media/marcos/Marcos/Codigos/Predicao_Cafe_Arabica/Teste_2_reuniao_16_dez_ajuste_seed_14_01_2026/temp_models/trial_70
Modelo LSTM. Treino: 2012 a 2022. Validação: 2023. Teste: 2024.
Dataset: V44. Log Transform: Não.
Obs: ajuste de seed

Hyperparams:
input_size: 10, h: 1, lr: 0.0001991840160344183, batch: 32, encoder n layers: 3, decoder layers: 3",2026-01-15T00:04:24
2023_cluster_2,Sao_Jose_do_Alegre,2023-12-31T00:00:00,1.592307692307692,1.650623,3.66,validacao,V44,LSTM,"/media/marcos/Marcos/Codigos/Predicao_Cafe_Arabica/Teste_2_reuniao_16_dez_ajuste_seed_14_01_2026/temp_models/trial_70
Modelo LSTM. Treino: 2012 a 2022. Validação: 2023. Teste: 2024.
Dataset: V44. Log Transform: Não.
Obs: ajuste de seed

Hyperparams:
input_size: 10, h: 1, lr: 0.0001991840160344183, batch: 32, encoder n layers: 3, decoder layers: 3",2026-01-15T00:04:24
2023_cluster_2,Sao_Miguel_do_Anta,2023-12-31T00:00:00,1.559887005649718,1.4124045,9.45,validacao,V44,LSTM,"/media/marcos/Marcos/Codigos/Predicao_Cafe_Arabica/Teste_2_reuniao_16_dez_ajuste_seed_14_01_2026/temp_models/trial_70
Modelo LSTM. Treino: 2012 a 2022. Validação: 2023. Teste: 2024.
Dataset: V44. Log Transform: Não.
Obs: ajuste de seed

Hyperparams:
input_size: 10, h: 1, lr: 0.0001991840160344183, batch: 32, encoder n layers: 3, decoder layers: 3",2026-01-15T00:04:24
2023_cluster_2,Sao_Sebastiao_da_Vargem_Alegre,2023-12-31T00:00:00,1.5,1.2307963,17.95,validacao,V44,LSTM,"/media/marcos/Marcos/Codigos/Predicao_Cafe_Arabica/Teste_2_reuniao_16_dez_ajuste_seed_14_01_2026/temp_models/trial_70
Modelo LSTM. Treino: 2012 a 2022. Validação: 2023. Teste: 2024.
Dataset: V44. Log Transform: Não.
Obs: ajuste de seed

Hyperparams:
input_size: 10, h: 1, lr: 0.0001991840160344183, batch: 32, encoder n layers: 3, decoder layers: 3",2026-01-15T00:04:24
2023_cluster_2,Sao_Sebastiao_do_Anta,2023-12-31T00:00:00,1.79982126899017,1.6881409,6.21,validacao,V44,LSTM,"/media/marcos/Marcos/Codigos/Predicao_Cafe_Arabica/Teste_2_reuniao_16_dez_ajuste_seed_14_01_2026/temp_models/trial_70
Modelo LSTM. Treino: 2012 a 2022. Validação: 2023. Teste: 2024.
Dataset: V44. Log Transform: Não.
Obs: ajuste de seed

Hyperparams:
input_size: 10, h: 1, lr: 0.0001991840160344183, batch: 32, encoder n layers: 3, decoder layers: 3",2026-01-15T00:04:24
2023_cluster_2,Senhora_dos_Remedios,2023-12-31T00:00:00,1.5,1.6385627,9.24,validacao,V44,LSTM,"/media/marcos/Marcos/Codigos/Predicao_Cafe_Arabica/Teste_2_reuniao_16_dez_ajuste_seed_14_01_2026/temp_models/trial_70
Modelo LSTM. Treino: 2012 a 2022. Validação: 2023. Teste: 2024.
Dataset: V44. Log Transform: Não.
Obs: ajuste de seed

Hyperparams:
input_size: 10, h: 1, lr: 0.0001991840160344183, batch: 32, encoder n layers: 3, decoder layers: 3",2026-01-15T00:04:24
2023_cluster_2,Teixeiras,2023-12-31T00:00:00,1.500709219858156,1.3736482,8.47,validacao,V44,LSTM,"/media/marcos/Marcos/Codigos/Predicao_Cafe_Arabica/Teste_2_reuniao_16_dez_ajuste_seed_14_01_2026/temp_models/trial_70
Modelo LSTM. Treino: 2012 a 2022. Validação: 2023. Teste: 2024.
Dataset: V44. Log Transform: Não.
Obs: ajuste de seed

Hyperparams:
input_size: 10, h: 1, lr: 0.0001991840160344183, batch: 32, encoder n layers: 3, decoder layers: 3",2026-01-15T00:04:24
2023_cluster_2,Visconde_do_Rio_Branco,2023-12-31T00:00:00,1.333333333333333,1.2675744,4.93,validacao,V44,LSTM,"/media/marcos/Marcos/Codigos/Predicao_Cafe_Arabica/Teste_2_reuniao_16_dez_ajuste_seed_14_01_2026/temp_models/trial_70
Modelo LSTM. Treino: 2012 a 2022. Validação: 2023. Teste: 2024.
Dataset: V44. Log Transform: Não.
Obs: ajuste de seed

Hyperparams:
input_size: 10, h: 1, lr: 0.0001991840160344183, batch: 32, encoder n layers: 3, decoder layers: 3",2026-01-15T00:04:24
2023_cluster_2,Abre_Campo,2024-12-31T00:00:00,1.32,1.360359,3.06,teste,V44,LSTM,"/media/marcos/Marcos/Codigos/Predicao_Cafe_Arabica/Teste_2_reuniao_16_dez_ajuste_seed_14_01_2026/temp_models/trial_70
Modelo LSTM. Treino: 2012 a 2022. Validação: 2023. Teste: 2024.
Dataset: V44. Log Transform: Não.
Obs: ajuste de seed

Hyperparams:
input_size: 10, h: 1, lr: 0.0001991840160344183, batch: 32, encoder n layers: 3, decoder layers: 3",2026-01-15T00:04:24
2023_cluster_2,Aimores,2024-12-31T00:00:00,0.9455882352941176,1.5111524,59.81,teste,V44,LSTM,"/media/marcos/Marcos/Codigos/Predicao_Cafe_Arabica/Teste_2_reuniao_16_dez_ajuste_seed_14_01_2026/temp_models/trial_70
Modelo LSTM. Treino: 2012 a 2022. Validação: 2023. Teste: 2024.
Dataset: V44. Log Transform: Não.
Obs: ajuste de seed

Hyperparams:
input_size: 10, h: 1, lr: 0.0001991840160344183, batch: 32, encoder n layers: 3, decoder layers: 3",2026-01-15T00:04:24
2023_cluster_2,Alvarenga,2024-12-31T00:00:00,1.25,0.9233879,26.13,teste,V44,LSTM,"/media/marcos/Marcos/Codigos/Predicao_Cafe_Arabica/Teste_2_reuniao_16_dez_ajuste_seed_14_01_2026/temp_models/trial_70
Modelo LSTM. Treino: 2012 a 2022. Validação: 2023. Teste: 2024.
Dataset: V44. Log Transform: Não.
Obs: ajuste de seed

Hyperparams:
input_size: 10, h: 1, lr: 0.0001991840160344183, batch: 32, encoder n layers: 3, decoder layers: 3",2026-01-15T00:04:24
2023_cluster_2,Andrelandia,2024-12-31T00:00:00,1.5,1.4902382,0.65,teste,V44,LSTM,"/media/marcos/Marcos/Codigos/Predicao_Cafe_Arabica/Teste_2_reuniao_16_dez_ajuste_seed_14_01_2026/temp_models/trial_70
Modelo LSTM. Treino: 2012 a 2022. Validação: 2023. Teste: 2024.
Dataset: V44. Log Transform: Não.
Obs: ajuste de seed

Hyperparams:
input_size: 10, h: 1, lr: 0.0001991840160344183, batch: 32, encoder n layers: 3, decoder layers: 3",2026-01-15T00:04:24
2023_cluster_2,Antonio_Dias,2024-12-31T00:00:00,1.5,1.3531034,9.79,teste,V44,LSTM,"/media/marcos/Marcos/Codigos/Predicao_Cafe_Arabica/Teste_2_reuniao_16_dez_ajuste_seed_14_01_2026/temp_models/trial_70
Modelo LSTM. Treino: 2012 a 2022. Validação: 2023. Teste: 2024.
Dataset: V44. Log Transform: Não.
Obs: ajuste de seed

Hyperparams:
input_size: 10, h: 1, lr: 0.0001991840160344183, batch: 32, encoder n layers: 3, decoder layers: 3",2026-01-15T00:04:24
2023_cluster_2,Antonio_Prado_de_Minas,2024-12-31T00:00:00,1.933333333333333,1.1806123,38.93,teste,V44,LSTM,"/media/marcos/Marcos/Codigos/Predicao_Cafe_Arabica/Teste_2_reuniao_16_dez_ajuste_seed_14_01_2026/temp_models/trial_70
Modelo LSTM. Treino: 2012 a 2022. Validação: 2023. Teste: 2024.
Dataset: V44. Log Transform: Não.
Obs: ajuste de seed

Hyperparams:
input_size: 10, h: 1, lr: 0.0001991840160344183, batch: 32, encoder n layers: 3, decoder layers: 3",2026-01-15T00:04:24
2023_cluster_2,Bocaiuva,2024-12-31T00:00:00,2.098901098901099,2.3835416,13.56,teste,V44,LSTM,"/media/marcos/Marcos/Codigos/Predicao_Cafe_Arabica/Teste_2_reuniao_16_dez_ajuste_seed_14_01_2026/temp_models/trial_70
Modelo LSTM. Treino: 2012 a 2022. Validação: 2023. Teste: 2024.
Dataset: V44. Log Transform: Não.
Obs: ajuste de seed

Hyperparams:
input_size: 10, h: 1, lr: 0.0001991840160344183, batch: 32, encoder n layers: 3, decoder layers: 3",2026-01-15T00:04:24
2023_cluster_2,Bom_Jesus_do_Amparo,2024-12-31T00:00:00,0.75,1.4899045,98.65,teste,V44,LSTM,"/media/marcos/Marcos/Codigos/Predicao_Cafe_Arabica/Teste_2_reuniao_16_dez_ajuste_seed_14_01_2026/temp_models/trial_70
Modelo LSTM. Treino: 2012 a 2022. Validação: 2023. Teste: 2024.
Dataset: V44. Log Transform: Não.
Obs: ajuste de seed

Hyperparams:
input_size: 10, h: 1, lr: 0.0001991840160344183, batch: 32, encoder n layers: 3, decoder layers: 3",2026-01-15T00:04:24
2023_cluster_2,Campo_Belo,2024-12-31T00:00:00,1.2,1.3192031,9.93,teste,V44,LSTM,"/media/marcos/Marcos/Codigos/Predicao_Cafe_Arabica/Teste_2_reuniao_16_dez_ajuste_seed_14_01_2026/temp_models/trial_70
Modelo LSTM. Treino: 2012 a 2022. Validação: 2023. Teste: 2024.
Dataset: V44. Log Transform: Não.
Obs: ajuste de seed

Hyperparams:
input_size: 10, h: 1, lr: 0.0001991840160344183, batch: 32, encoder n layers: 3, decoder layers: 3",2026-01-15T00:04:24
2023_cluster_2,Capela_Nova,2024-12-31T00:00:00,2.101234567901235,1.8935179,9.89,teste,V44,LSTM,"/media/marcos/Marcos/Codigos/Predicao_Cafe_Arabica/Teste_2_reuniao_16_dez_ajuste_seed_14_01_2026/temp_models/trial_70
Modelo LSTM. Treino: 2012 a 2022. Validação: 2023. Teste: 2024.
Dataset: V44. Log Transform: Não.
Obs: ajuste de seed

Hyperparams:
input_size: 10, h: 1, lr: 0.0001991840160344183, batch: 32, encoder n layers: 3, decoder layers: 3",2026-01-15T00:04:24
2023_cluster_2,Capitao_Eneas,2024-12-31T00:00:00,3.0,2.322882,22.57,teste,V44,LSTM,"/media/marcos/Marcos/Codigos/Predicao_Cafe_Arabica/Teste_2_reuniao_16_dez_ajuste_seed_14_01_2026/temp_models/trial_70
Modelo LSTM. Treino: 2012 a 2022. Validação: 2023. Teste: 2024.
Dataset: V44. Log Transform: Não.
Obs: ajuste de seed

Hyperparams:
input_size: 10, h: 1, lr: 0.0001991840160344183, batch: 32, encoder n layers: 3, decoder layers: 3",2026-01-15T00:04:24
2023_cluster_2,Casa_Grande,2024-12-31T00:00:00,2.522388059701492,1.4904506,40.91,teste,V44,LSTM,"/media/marcos/Marcos/Codigos/Predicao_Cafe_Arabica/Teste_2_reuniao_16_dez_ajuste_seed_14_01_2026/temp_models/trial_70
Modelo LSTM. Treino: 2012 a 2022. Validação: 2023. Teste: 2024.
Dataset: V44. Log Transform: Não.
Obs: ajuste de seed

Hyperparams:
input_size: 10, h: 1, lr: 0.0001991840160344183, batch: 32, encoder n layers: 3, decoder layers: 3",2026-01-15T00:04:24
2023_cluster_2,Cataguases,2024-12-31T00:00:00,1.0,1.1783613,17.84,teste,V44,LSTM,"/media/marcos/Marcos/Codigos/Predicao_Cafe_Arabica/Teste_2_reuniao_16_dez_ajuste_seed_14_01_2026/temp_models/trial_70
Modelo LSTM. Treino: 2012 a 2022. Validação: 2023. Teste: 2024.
Dataset: V44. Log Transform: Não.
Obs: ajuste de seed

Hyperparams:
input_size: 10, h: 1, lr: 0.0001991840160344183, batch: 32, encoder n layers: 3, decoder layers: 3",2026-01-15T00:04:24
2023_cluster_2,Caxambu,2024-12-31T00:00:00,1.795918367346939,1.1991148,33.23,teste,V44,LSTM,"/media/marcos/Marcos/Codigos/Predicao_Cafe_Arabica/Teste_2_reuniao_16_dez_ajuste_seed_14_01_2026/temp_models/trial_70
Modelo LSTM. Treino: 2012 a 2022. Validação: 2023. Teste: 2024.
Dataset: V44. Log Transform: Não.
Obs: ajuste de seed

Hyperparams:
input_size: 10, h: 1, lr: 0.0001991840160344183, batch: 32, encoder n layers: 3, decoder layers: 3",2026-01-15T00:04:24
2023_cluster_2,Coimbra,2024-12-31T00:00:00,1.50126582278481,1.691012,12.64,teste,V44,LSTM,"/media/marcos/Marcos/Codigos/Predicao_Cafe_Arabica/Teste_2_reuniao_16_dez_ajuste_seed_14_01_2026/temp_models/trial_70
Modelo LSTM. Treino: 2012 a 2022. Validação: 2023. Teste: 2024.
Dataset: V44. Log Transform: Não.
Obs: ajuste de seed

Hyperparams:
input_size: 10, h: 1, lr: 0.0001991840160344183, batch: 32, encoder n layers: 3, decoder layers: 3",2026-01-15T00:04:24
2023_cluster_2,Conselheiro_Pena,2024-12-31T00:00:00,1.2,1.3695176,14.13,teste,V44,LSTM,"/media/marcos/Marcos/Codigos/Predicao_Cafe_Arabica/Teste_2_reuniao_16_dez_ajuste_seed_14_01_2026/temp_models/trial_70
Modelo LSTM. Treino: 2012 a 2022. Validação: 2023. Teste: 2024.
Dataset: V44. Log Transform: Não.
Obs: ajuste de seed

Hyperparams:
input_size: 10, h: 1, lr: 0.0001991840160344183, batch: 32, encoder n layers: 3, decoder layers: 3",2026-01-15T00:04:24
2023_cluster_2,Corrego_Novo,2024-12-31T00:00:00,1.2,1.3860147,15.5,teste,V44,LSTM,"/media/marcos/Marcos/Codigos/Predicao_Cafe_Arabica/Teste_2_reuniao_16_dez_ajuste_seed_14_01_2026/temp_models/trial_70
Modelo LSTM. Treino: 2012 a 2022. Validação: 2023. Teste: 2024.
Dataset: V44. Log Transform: Não.
Obs: ajuste de seed

Hyperparams:
input_size: 10, h: 1, lr: 0.0001991840160344183, batch: 32, encoder n layers: 3, decoder layers: 3",2026-01-15T00:04:24
2023_cluster_2,Cruzilia,2024-12-31T00:00:00,1.502793296089385,1.3493543,10.21,teste,V44,LSTM,"/media/marcos/Marcos/Codigos/Predicao_Cafe_Arabica/Teste_2_reuniao_16_dez_ajuste_seed_14_01_2026/temp_models/trial_70
Modelo LSTM. Treino: 2012 a 2022. Validação: 2023. Teste: 2024.
Dataset: V44. Log Transform: Não.
Obs: ajuste de seed

Hyperparams:
input_size: 10, h: 1, lr: 0.0001991840160344183, batch: 32, encoder n layers: 3, decoder layers: 3",2026-01-15T00:04:24
2023_cluster_2,Divisopolis,2024-12-31T00:00:00,1.490220048899755,1.3245071,11.12,teste,V44,LSTM,"/media/marcos/Marcos/Codigos/Predicao_Cafe_Arabica/Teste_2_reuniao_16_dez_ajuste_seed_14_01_2026/temp_models/trial_70
Modelo LSTM. Treino: 2012 a 2022. Validação: 2023. Teste: 2024.
Dataset: V44. Log Transform: Não.
Obs: ajuste de seed

Hyperparams:
input_size: 10, h: 1, lr: 0.0001991840160344183, batch: 32, encoder n layers: 3, decoder layers: 3",2026-01-15T00:04:24
2023_cluster_2,Esmeraldas,2024-12-31T00:00:00,3.0,2.0915651,30.28,teste,V44,LSTM,"/media/marcos/Marcos/Codigos/Predicao_Cafe_Arabica/Teste_2_reuniao_16_dez_ajuste_seed_14_01_2026/temp_models/trial_70
Modelo LSTM. Treino: 2012 a 2022. Validação: 2023. Teste: 2024.
Dataset: V44. Log Transform: Não.
Obs: ajuste de seed

Hyperparams:
input_size: 10, h: 1, lr: 0.0001991840160344183, batch: 32, encoder n layers: 3, decoder layers: 3",2026-01-15T00:04:24
2023_cluster_2,Espirito_Santo_do_Dourado,2024-12-31T00:00:00,1.439175257731959,1.369159,4.87,teste,V44,LSTM,"/media/marcos/Marcos/Codigos/Predicao_Cafe_Arabica/Teste_2_reuniao_16_dez_ajuste_seed_14_01_2026/temp_models/trial_70
Modelo LSTM. Treino: 2012 a 2022. Validação: 2023. Teste: 2024.
Dataset: V44. Log Transform: Não.
Obs: ajuste de seed

Hyperparams:
input_size: 10, h: 1, lr: 0.0001991840160344183, batch: 32, encoder n layers: 3, decoder layers: 3",2026-01-15T00:04:24
2023_cluster_2,Eugenopolis,2024-12-31T00:00:00,1.68,1.544981,8.04,teste,V44,LSTM,"/media/marcos/Marcos/Codigos/Predicao_Cafe_Arabica/Teste_2_reuniao_16_dez_ajuste_seed_14_01_2026/temp_models/trial_70
Modelo LSTM. Treino: 2012 a 2022. Validação: 2023. Teste: 2024.
Dataset: V44. Log Transform: Não.
Obs: ajuste de seed

Hyperparams:
input_size: 10, h: 1, lr: 0.0001991840160344183, batch: 32, encoder n layers: 3, decoder layers: 3",2026-01-15T00:04:24
2023_cluster_2,Felicio_dos_Santos,2024-12-31T00:00:00,2.663299663299664,2.312585,13.17,teste,V44,LSTM,"/media/marcos/Marcos/Codigos/Predicao_Cafe_Arabica/Teste_2_reuniao_16_dez_ajuste_seed_14_01_2026/temp_models/trial_70
Modelo LSTM. Treino: 2012 a 2022. Validação: 2023. Teste: 2024.
Dataset: V44. Log Transform: Não.
Obs: ajuste de seed

Hyperparams:
input_size: 10, h: 1, lr: 0.0001991840160344183, batch: 32, encoder n layers: 3, decoder layers: 3",2026-01-15T00:04:24
2023_cluster_2,Formiga,2024-12-31T00:00:00,1.947576301615799,1.6826771,13.6,teste,V44,LSTM,"/media/marcos/Marcos/Codigos/Predicao_Cafe_Arabica/Teste_2_reuniao_16_dez_ajuste_seed_14_01_2026/temp_models/trial_70
Modelo LSTM. Treino: 2012 a 2022. Validação: 2023. Teste: 2024.
Dataset: V44. Log Transform: Não.
Obs: ajuste de seed

Hyperparams:
input_size: 10, h: 1, lr: 0.0001991840160344183, batch: 32, encoder n layers: 3, decoder layers: 3",2026-01-15T00:04:24
2023_cluster_2,Guaraciaba,2024-12-31T00:00:00,1.8,1.3795778,23.36,teste,V44,LSTM,"/media/marcos/Marcos/Codigos/Predicao_Cafe_Arabica/Teste_2_reuniao_16_dez_ajuste_seed_14_01_2026/temp_models/trial_70
Modelo LSTM. Treino: 2012 a 2022. Validação: 2023. Teste: 2024.
Dataset: V44. Log Transform: Não.
Obs: ajuste de seed

Hyperparams:
input_size: 10, h: 1, lr: 0.0001991840160344183, batch: 32, encoder n layers: 3, decoder layers: 3",2026-01-15T00:04:24
2023_cluster_2,Guiricema,2024-12-31T00:00:00,1.56,1.9646004,25.94,teste,V44,LSTM,"/media/marcos/Marcos/Codigos/Predicao_Cafe_Arabica/Teste_2_reuniao_16_dez_ajuste_seed_14_01_2026/temp_models/trial_70
Modelo LSTM. Treino: 2012 a 2022. Validação: 2023. Teste: 2024.
Dataset: V44. Log Transform: Não.
Obs: ajuste de seed

Hyperparams:
input_size: 10, h: 1, lr: 0.0001991840160344183, batch: 32, encoder n layers: 3, decoder layers: 3",2026-01-15T00:04:24
2023_cluster_2,Iapu,2024-12-31T00:00:00,1.355263157894737,1.4466265,6.74,teste,V44,LSTM,"/media/marcos/Marcos/Codigos/Predicao_Cafe_Arabica/Teste_2_reuniao_16_dez_ajuste_seed_14_01_2026/temp_models/trial_70
Modelo LSTM. Treino: 2012 a 2022. Validação: 2023. Teste: 2024.
Dataset: V44. Log Transform: Não.
Obs: ajuste de seed

Hyperparams:
input_size: 10, h: 1, lr: 0.0001991840160344183, batch: 32, encoder n layers: 3, decoder layers: 3",2026-01-15T00:04:24
2023_cluster_2,Ijaci,2024-12-31T00:00:00,2.19,1.5948782,27.17,teste,V44,LSTM,"/media/marcos/Marcos/Codigos/Predicao_Cafe_Arabica/Teste_2_reuniao_16_dez_ajuste_seed_14_01_2026/temp_models/trial_70
Modelo LSTM. Treino: 2012 a 2022. Validação: 2023. Teste: 2024.
Dataset: V44. Log Transform: Não.
Obs: ajuste de seed

Hyperparams:
input_size: 10, h: 1, lr: 0.0001991840160344183, batch: 32, encoder n layers: 3, decoder layers: 3",2026-01-15T00:04:24
2023_cluster_2,Imbe_de_Minas,2024-12-31T00:00:00,1.26,1.3454736,6.78,teste,V44,LSTM,"/media/marcos/Marcos/Codigos/Predicao_Cafe_Arabica/Teste_2_reuniao_16_dez_ajuste_seed_14_01_2026/temp_models/trial_70
Modelo LSTM. Treino: 2012 a 2022. Validação: 2023. Teste: 2024.
Dataset: V44. Log Transform: Não.
Obs: ajuste de seed

Hyperparams:
input_size: 10, h: 1, lr: 0.0001991840160344183, batch: 32, encoder n layers: 3, decoder layers: 3",2026-01-15T00:04:24
2023_cluster_2,Inhapim,2024-12-31T00:00:00,1.2,1.758742,46.56,teste,V44,LSTM,"/media/marcos/Marcos/Codigos/Predicao_Cafe_Arabica/Teste_2_reuniao_16_dez_ajuste_seed_14_01_2026/temp_models/trial_70
Modelo LSTM. Treino: 2012 a 2022. Validação: 2023. Teste: 2024.
Dataset: V44. Log Transform: Não.
Obs: ajuste de seed

Hyperparams:
input_size: 10, h: 1, lr: 0.0001991840160344183, batch: 32, encoder n layers: 3, decoder layers: 3",2026-01-15T00:04:24
2023_cluster_2,Irai_de_Minas,2024-12-31T00:00:00,2.607944732297064,2.0053127,23.11,teste,V44,LSTM,"/media/marcos/Marcos/Codigos/Predicao_Cafe_Arabica/Teste_2_reuniao_16_dez_ajuste_seed_14_01_2026/temp_models/trial_70
Modelo LSTM. Treino: 2012 a 2022. Validação: 2023. Teste: 2024.
Dataset: V44. Log Transform: Não.
Obs: ajuste de seed

Hyperparams:
input_size: 10, h: 1, lr: 0.0001991840160344183, batch: 32, encoder n layers: 3, decoder layers: 3",2026-01-15T00:04:24
2023_cluster_2,Itamarati_de_Minas,2024-12-31T00:00:00,1.196969696969697,1.0554531,11.82,teste,V44,LSTM,"/media/marcos/Marcos/Codigos/Predicao_Cafe_Arabica/Teste_2_reuniao_16_dez_ajuste_seed_14_01_2026/temp_models/trial_70
Modelo LSTM. Treino: 2012 a 2022. Validação: 2023. Teste: 2024.
Dataset: V44. Log Transform: Não.
Obs: ajuste de seed

Hyperparams:
input_size: 10, h: 1, lr: 0.0001991840160344183, batch: 32, encoder n layers: 3, decoder layers: 3",2026-01-15T00:04:24
2023_cluster_2,Jequeri,2024-12-31T00:00:00,1.8,1.5622604,13.21,teste,V44,LSTM,"/media/marcos/Marcos/Codigos/Predicao_Cafe_Arabica/Teste_2_reuniao_16_dez_ajuste_seed_14_01_2026/temp_models/trial_70
Modelo LSTM. Treino: 2012 a 2022. Validação: 2023. Teste: 2024.
Dataset: V44. Log Transform: Não.
Obs: ajuste de seed

Hyperparams:
input_size: 10, h: 1, lr: 0.0001991840160344183, batch: 32, encoder n layers: 3, decoder layers: 3",2026-01-15T00:04:24
2023_cluster_2,Lamim,2024-12-31T00:00:00,1.777777777777778,1.6503638,7.17,teste,V44,LSTM,"/media/marcos/Marcos/Codigos/Predicao_Cafe_Arabica/Teste_2_reuniao_16_dez_ajuste_seed_14_01_2026/temp_models/trial_70
Modelo LSTM. Treino: 2012 a 2022. Validação: 2023. Teste: 2024.
Dataset: V44. Log Transform: Não.
Obs: ajuste de seed

Hyperparams:
input_size: 10, h: 1, lr: 0.0001991840160344183, batch: 32, encoder n layers: 3, decoder layers: 3",2026-01-15T00:04:24
2023_cluster_2,Mar_de_Espanha,2024-12-31T00:00:00,1.2625,1.8261504,44.65,teste,V44,LSTM,"/media/marcos/Marcos/Codigos/Predicao_Cafe_Arabica/Teste_2_reuniao_16_dez_ajuste_seed_14_01_2026/temp_models/trial_70
Modelo LSTM. Treino: 2012 a 2022. Validação: 2023. Teste: 2024.
Dataset: V44. Log Transform: Não.
Obs: ajuste de seed

Hyperparams:
input_size: 10, h: 1, lr: 0.0001991840160344183, batch: 32, encoder n layers: 3, decoder layers: 3",2026-01-15T00:04:24
2023_cluster_2,Mata_Verde,2024-12-31T00:00:00,1.5,1.387162,7.52,teste,V44,LSTM,"/media/marcos/Marcos/Codigos/Predicao_Cafe_Arabica/Teste_2_reuniao_16_dez_ajuste_seed_14_01_2026/temp_models/trial_70
Modelo LSTM. Treino: 2012 a 2022. Validação: 2023. Teste: 2024.
Dataset: V44. Log Transform: Não.
Obs: ajuste de seed

Hyperparams:
input_size: 10, h: 1, lr: 0.0001991840160344183, batch: 32, encoder n layers: 3, decoder layers: 3",2026-01-15T00:04:24
2023_cluster_2,Monte_Alegre_de_Minas,2024-12-31T00:00:00,2.378787878787879,1.8980299,20.21,teste,V44,LSTM,"/media/marcos/Marcos/Codigos/Predicao_Cafe_Arabica/Teste_2_reuniao_16_dez_ajuste_seed_14_01_2026/temp_models/trial_70
Modelo LSTM. Treino: 2012 a 2022. Validação: 2023. Teste: 2024.
Dataset: V44. Log Transform: Não.
Obs: ajuste de seed

Hyperparams:
input_size: 10, h: 1, lr: 0.0001991840160344183, batch: 32, encoder n layers: 3, decoder layers: 3",2026-01-15T00:04:24
2023_cluster_2,Nova_Era,2024-12-31T00:00:00,1.5,1.7835021,18.9,teste,V44,LSTM,"/media/marcos/Marcos/Codigos/Predicao_Cafe_Arabica/Teste_2_reuniao_16_dez_ajuste_seed_14_01_2026/temp_models/trial_70
Modelo LSTM. Treino: 2012 a 2022. Validação: 2023. Teste: 2024.
Dataset: V44. Log Transform: Não.
Obs: ajuste de seed

Hyperparams:
input_size: 10, h: 1, lr: 0.0001991840160344183, batch: 32, encoder n layers: 3, decoder layers: 3",2026-01-15T00:04:24
2023_cluster_2,Nova_Ponte,2024-12-31T00:00:00,2.306557377049181,2.0005176,13.27,teste,V44,LSTM,"/media/marcos/Marcos/Codigos/Predicao_Cafe_Arabica/Teste_2_reuniao_16_dez_ajuste_seed_14_01_2026/temp_models/trial_70
Modelo LSTM. Treino: 2012 a 2022. Validação: 2023. Teste: 2024.
Dataset: V44. Log Transform: Não.
Obs: ajuste de seed

Hyperparams:
input_size: 10, h: 1, lr: 0.0001991840160344183, batch: 32, encoder n layers: 3, decoder layers: 3",2026-01-15T00:04:24
2023_cluster_2,Paula_Candido,2024-12-31T00:00:00,1.31970802919708,1.4580206,10.48,teste,V44,LSTM,"/media/marcos/Marcos/Codigos/Predicao_Cafe_Arabica/Teste_2_reuniao_16_dez_ajuste_seed_14_01_2026/temp_models/trial_70
Modelo LSTM. Treino: 2012 a 2022. Validação: 2023. Teste: 2024.
Dataset: V44. Log Transform: Não.
Obs: ajuste de seed

Hyperparams:
input_size: 10, h: 1, lr: 0.0001991840160344183, batch: 32, encoder n layers: 3, decoder layers: 3",2026-01-15T00:04:24
2023_cluster_2,Pecanha,2024-12-31T00:00:00,1.885542168674699,1.6274207,13.69,teste,V44,LSTM,"/media/marcos/Marcos/Codigos/Predicao_Cafe_Arabica/Teste_2_reuniao_16_dez_ajuste_seed_14_01_2026/temp_models/trial_70
Modelo LSTM. Treino: 2012 a 2022. Validação: 2023. Teste: 2024.
Dataset: V44. Log Transform: Não.
Obs: ajuste de seed

Hyperparams:
input_size: 10, h: 1, lr: 0.0001991840160344183, batch: 32, encoder n layers: 3, decoder layers: 3",2026-01-15T00:04:24
2023_cluster_2,Pedra_Bonita,2024-12-31T00:00:00,1.2,1.383084,15.26,teste,V44,LSTM,"/media/marcos/Marcos/Codigos/Predicao_Cafe_Arabica/Teste_2_reuniao_16_dez_ajuste_seed_14_01_2026/temp_models/trial_70
Modelo LSTM. Treino: 2012 a 2022. Validação: 2023. Teste: 2024.
Dataset: V44. Log Transform: Não.
Obs: ajuste de seed

Hyperparams:
input_size: 10, h: 1, lr: 0.0001991840160344183, batch: 32, encoder n layers: 3, decoder layers: 3",2026-01-15T00:04:24
2023_cluster_2,Pedra_Dourada,2024-12-31T00:00:00,1.28,1.1641158,9.05,teste,V44,LSTM,"/media/marcos/Marcos/Codigos/Predicao_Cafe_Arabica/Teste_2_reuniao_16_dez_ajuste_seed_14_01_2026/temp_models/trial_70
Modelo LSTM. Treino: 2012 a 2022. Validação: 2023. Teste: 2024.
Dataset: V44. Log Transform: Não.
Obs: ajuste de seed

Hyperparams:
input_size: 10, h: 1, lr: 0.0001991840160344183, batch: 32, encoder n layers: 3, decoder layers: 3",2026-01-15T00:04:24
2023_cluster_2,Pedra_do_Anta,2024-12-31T00:00:00,1.379166666666667,1.3355025,3.17,teste,V44,LSTM,"/media/marcos/Marcos/Codigos/Predicao_Cafe_Arabica/Teste_2_reuniao_16_dez_ajuste_seed_14_01_2026/temp_models/trial_70
Modelo LSTM. Treino: 2012 a 2022. Validação: 2023. Teste: 2024.
Dataset: V44. Log Transform: Não.
Obs: ajuste de seed

Hyperparams:
input_size: 10, h: 1, lr: 0.0001991840160344183, batch: 32, encoder n layers: 3, decoder layers: 3",2026-01-15T00:04:24
2023_cluster_2,Piedade_de_Caratinga,2024-12-31T00:00:00,1.68,1.7822974,6.09,teste,V44,LSTM,"/media/marcos/Marcos/Codigos/Predicao_Cafe_Arabica/Teste_2_reuniao_16_dez_ajuste_seed_14_01_2026/temp_models/trial_70
Modelo LSTM. Treino: 2012 a 2022. Validação: 2023. Teste: 2024.
Dataset: V44. Log Transform: Não.
Obs: ajuste de seed

Hyperparams:
input_size: 10, h: 1, lr: 0.0001991840160344183, batch: 32, encoder n layers: 3, decoder layers: 3",2026-01-15T00:04:24
2023_cluster_2,Pocrane,2024-12-31T00:00:00,1.796875,1.2945749,27.95,teste,V44,LSTM,"/media/marcos/Marcos/Codigos/Predicao_Cafe_Arabica/Teste_2_reuniao_16_dez_ajuste_seed_14_01_2026/temp_models/trial_70
Modelo LSTM. Treino: 2012 a 2022. Validação: 2023. Teste: 2024.
Dataset: V44. Log Transform: Não.
Obs: ajuste de seed

Hyperparams:
input_size: 10, h: 1, lr: 0.0001991840160344183, batch: 32, encoder n layers: 3, decoder layers: 3",2026-01-15T00:04:24
2023_cluster_2,Presidente_Bernardes,2024-12-31T00:00:00,1.110144927536232,1.3881468,25.04,teste,V44,LSTM,"/media/marcos/Marcos/Codigos/Predicao_Cafe_Arabica/Teste_2_reuniao_16_dez_ajuste_seed_14_01_2026/temp_models/trial_70
Modelo LSTM. Treino: 2012 a 2022. Validação: 2023. Teste: 2024.
Dataset: V44. Log Transform: Não.
Obs: ajuste de seed

Hyperparams:
input_size: 10, h: 1, lr: 0.0001991840160344183, batch: 32, encoder n layers: 3, decoder layers: 3",2026-01-15T00:04:24
2023_cluster_2,Sabinopolis,2024-12-31T00:00:00,1.2,1.1436443,4.7,teste,V44,LSTM,"/media/marcos/Marcos/Codigos/Predicao_Cafe_Arabica/Teste_2_reuniao_16_dez_ajuste_seed_14_01_2026/temp_models/trial_70
Modelo LSTM. Treino: 2012 a 2022. Validação: 2023. Teste: 2024.
Dataset: V44. Log Transform: Não.
Obs: ajuste de seed

Hyperparams:
input_size: 10, h: 1, lr: 0.0001991840160344183, batch: 32, encoder n layers: 3, decoder layers: 3",2026-01-15T00:04:24
2023_cluster_2,Santa_Barbara,2024-12-31T00:00:00,1.333333333333333,1.1107974,16.69,teste,V44,LSTM,"/media/marcos/Marcos/Codigos/Predicao_Cafe_Arabica/Teste_2_reuniao_16_dez_ajuste_seed_14_01_2026/temp_models/trial_70
Modelo LSTM. Treino: 2012 a 2022. Validação: 2023. Teste: 2024.
Dataset: V44. Log Transform: Não.
Obs: ajuste de seed

Hyperparams:
input_size: 10, h: 1, lr: 0.0001991840160344183, batch: 32, encoder n layers: 3, decoder layers: 3",2026-01-15T00:04:24
2023_cluster_2,Santo_Antonio_do_Grama,2024-12-31T00:00:00,1.565217391304348,1.7689264,13.01,teste,V44,LSTM,"/media/marcos/Marcos/Codigos/Predicao_Cafe_Arabica/Teste_2_reuniao_16_dez_ajuste_seed_14_01_2026/temp_models/trial_70
Modelo LSTM. Treino: 2012 a 2022. Validação: 2023. Teste: 2024.
Dataset: V44. Log Transform: Não.
Obs: ajuste de seed

Hyperparams:
input_size: 10, h: 1, lr: 0.0001991840160344183, batch: 32, encoder n layers: 3, decoder layers: 3",2026-01-15T00:04:24
2023_cluster_2,Sao_Domingos_do_Prata,2024-12-31T00:00:00,1.05,0.9980773,4.95,teste,V44,LSTM,"/media/marcos/Marcos/Codigos/Predicao_Cafe_Arabica/Teste_2_reuniao_16_dez_ajuste_seed_14_01_2026/temp_models/trial_70
Modelo LSTM. Treino: 2012 a 2022. Validação: 2023. Teste: 2024.
Dataset: V44. Log Transform: Não.
Obs: ajuste de seed

Hyperparams:
input_size: 10, h: 1, lr: 0.0001991840160344183, batch: 32, encoder n layers: 3, decoder layers: 3",2026-01-15T00:04:24
2023_cluster_2,Sao_Geraldo,2024-12-31T00:00:00,1.318918918918919,1.3960131,5.85,teste,V44,LSTM,"/media/marcos/Marcos/Codigos/Predicao_Cafe_Arabica/Teste_2_reuniao_16_dez_ajuste_seed_14_01_2026/temp_models/trial_70
Modelo LSTM. Treino: 2012 a 2022. Validação: 2023. Teste: 2024.
Dataset: V44. Log Transform: Não.
Obs: ajuste de seed

Hyperparams:
input_size: 10, h: 1, lr: 0.0001991840160344183, batch: 32, encoder n layers: 3, decoder layers: 3",2026-01-15T00:04:24
2023_cluster_2,Sao_Jose_da_Barra,2024-12-31T00:00:00,1.709523809523809,1.9052645,11.45,teste,V44,LSTM,"/media/marcos/Marcos/Codigos/Predicao_Cafe_Arabica/Teste_2_reuniao_16_dez_ajuste_seed_14_01_2026/temp_models/trial_70
Modelo LSTM. Treino: 2012 a 2022. Validação: 2023. Teste: 2024.
Dataset: V44. Log Transform: Não.
Obs: ajuste de seed

Hyperparams:
input_size: 10, h: 1, lr: 0.0001991840160344183, batch: 32, encoder n layers: 3, decoder layers: 3",2026-01-15T00:04:24
2023_cluster_2,Sao_Jose_do_Alegre,2024-12-31T00:00:00,1.8,1.6136096,10.36,teste,V44,LSTM,"/media/marcos/Marcos/Codigos/Predicao_Cafe_Arabica/Teste_2_reuniao_16_dez_ajuste_seed_14_01_2026/temp_models/trial_70
Modelo LSTM. Treino: 2012 a 2022. Validação: 2023. Teste: 2024.
Dataset: V44. Log Transform: Não.
Obs: ajuste de seed

Hyperparams:
input_size: 10, h: 1, lr: 0.0001991840160344183, batch: 32, encoder n layers: 3, decoder layers: 3",2026-01-15T00:04:24
2023_cluster_2,Sao_Miguel_do_Anta,2024-12-31T00:00:00,1.55974025974026,1.3750741,11.84,teste,V44,LSTM,"/media/marcos/Marcos/Codigos/Predicao_Cafe_Arabica/Teste_2_reuniao_16_dez_ajuste_seed_14_01_2026/temp_models/trial_70
Modelo LSTM. Treino: 2012 a 2022. Validação: 2023. Teste: 2024.
Dataset: V44. Log Transform: Não.
Obs: ajuste de seed

Hyperparams:
input_size: 10, h: 1, lr: 0.0001991840160344183, batch: 32, encoder n layers: 3, decoder layers: 3",2026-01-15T00:04:24
2023_cluster_2,Sao_Sebastiao_da_Vargem_Alegre,2024-12-31T00:00:00,1.28,1.2699355,0.79,teste,V44,LSTM,"/media/marcos/Marcos/Codigos/Predicao_Cafe_Arabica/Teste_2_reuniao_16_dez_ajuste_seed_14_01_2026/temp_models/trial_70
Modelo LSTM. Treino: 2012 a 2022. Validação: 2023. Teste: 2024.
Dataset: V44. Log Transform: Não.
Obs: ajuste de seed

Hyperparams:
input_size: 10, h: 1, lr: 0.0001991840160344183, batch: 32, encoder n layers: 3, decoder layers: 3",2026-01-15T00:04:24
2023_cluster_2,Sao_Sebastiao_do_Anta,2024-12-31T00:00:00,1.8,1.651357,8.26,teste,V44,LSTM,"/media/marcos/Marcos/Codigos/Predicao_Cafe_Arabica/Teste_2_reuniao_16_dez_ajuste_seed_14_01_2026/temp_models/trial_70
Modelo LSTM. Treino: 2012 a 2022. Validação: 2023. Teste: 2024.
Dataset: V44. Log Transform: Não.
Obs: ajuste de seed

Hyperparams:
input_size: 10, h: 1, lr: 0.0001991840160344183, batch: 32, encoder n layers: 3, decoder layers: 3",2026-01-15T00:04:24
2023_cluster_2,Senhora_dos_Remedios,2024-12-31T00:00:00,1.8,1.4972936,16.82,teste,V44,LSTM,"/media/marcos/Marcos/Codigos/Predicao_Cafe_Arabica/Teste_2_reuniao_16_dez_ajuste_seed_14_01_2026/temp_models/trial_70
Modelo LSTM. Treino: 2012 a 2022. Validação: 2023. Teste: 2024.
Dataset: V44. Log Transform: Não.
Obs: ajuste de seed

Hyperparams:
input_size: 10, h: 1, lr: 0.0001991840160344183, batch: 32, encoder n layers: 3, decoder layers: 3",2026-01-15T00:04:24
2023_cluster_2,Teixeiras,2024-12-31T00:00:00,1.5,1.3392698,10.72,teste,V44,LSTM,"/media/marcos/Marcos/Codigos/Predicao_Cafe_Arabica/Teste_2_reuniao_16_dez_ajuste_seed_14_01_2026/temp_models/trial_70
Modelo LSTM. Treino: 2012 a 2022. Validação: 2023. Teste: 2024.
Dataset: V44. Log Transform: Não.
Obs: ajuste de seed

Hyperparams:
input_size: 10, h: 1, lr: 0.0001991840160344183, batch: 32, encoder n layers: 3, decoder layers: 3",2026-01-15T00:04:24
2023_cluster_2,Visconde_do_Rio_Branco,2024-12-31T00:00:00,1.333333333333333,1.2237043,8.22,teste,V44,LSTM,"/media/marcos/Marcos/Codigos/Predicao_Cafe_Arabica/Teste_2_reuniao_16_dez_ajuste_seed_14_01_2026/temp_models/trial_70
Modelo LSTM. Treino: 2012 a 2022. Validação: 2023. Teste: 2024.
Dataset: V44. Log Transform: Não.
Obs: ajuste de seed

Hyperparams:
input_size: 10, h: 1, lr: 0.0001991840160344183, batch: 32, encoder n layers: 3, decoder layers: 3",2026-01-15T00:04:24
